# 104614M30  idx 2  channel total (DD+DT+TT+TD)  TH=THNTX  BT=BTN[DD+DT]  t = 13.329 s
# (TH/BT)_LOS = 0.504584  [cum (TH/BT)(rhot=1) must match this]
#   rhot          f             TH[n/m3/s]    BT[n/m3/s]    THKM14        BTKM14        DVOL[m3]      TH*f*DVOL[n/s] BT*f*DVOL[n/s] TH/BT_local   TH/BT_cum
2.49999994e-03 1.00000000e+00 2.78640210e+16 4.83128476e+16 2.78640210e+16 4.83128476e+16 1.92002300e-03 5.34995612e+13 9.27617787e+13 5.76741434e-01 5.76741434e-01
7.49999983e-03 1.00000000e+00 2.78593393e+16 4.83128476e+16 2.78593393e+16 4.83128476e+16 5.76050766e-03 1.60483937e+14 2.78306529e+14 5.76644529e-01 5.76668754e-01
1.25000002e-02 1.00000000e+00 2.78430003e+16 4.83128476e+16 2.78430003e+16 4.83128476e+16 9.60124563e-03 2.67327485e+14 4.63863517e+14 5.76306339e-01 5.76467407e-01
1.75000001e-02 1.00000000e+00 2.78680207e+16 4.83128476e+16 2.78680207e+16 4.83128476e+16 1.34413699e-02 3.74584374e+14 6.49390854e+14 5.76824222e-01 5.76623513e-01
2.25000009e-02 1.00000000e+00 2.79065108e+16 4.83128476e+16 2.79065108e+16 4.83128476e+16 1.72797702e-02 4.82218095e+14 8.34834906e+14 5.77620907e-01 5.76982548e-01
2.74999999e-02 1.00000000e+00 2.79560806e+16 4.83128476e+16 2.79560806e+16 4.83128476e+16 2.11175606e-02 5.90364226e+14 1.02024949e+15 5.78646924e-01 5.77491045e-01
3.24999988e-02 1.00000000e+00 2.80161300e+16 4.83128476e+16 2.80161300e+16 4.83128476e+16 2.49552298e-02 6.99148964e+14 1.20565822e+15 5.79889852e-01 5.78127371e-01
3.75000015e-02 1.00000000e+00 2.80863908e+16 4.83128476e+16 2.80863908e+16 4.83128476e+16 2.87921987e-02 8.08668946e+14 1.39103311e+15 5.81344139e-01 5.78881171e-01
4.25000004e-02 1.00000000e+00 2.81666703e+16 4.83128476e+16 2.81666703e+16 4.83128476e+16 3.26303579e-02 9.19088534e+14 1.57646551e+15 5.83005799e-01 5.79746699e-01
4.74999994e-02 1.00000000e+00 2.82571694e+16 4.83128476e+16 2.82571694e+16 4.83128476e+16 3.64687704e-02 1.03050422e+15 1.76191014e+15 5.84878988e-01 5.80721701e-01
5.24999984e-02 1.00000000e+00 2.83577098e+16 4.83165554e+16 2.83577098e+16 4.83165554e+16 4.03079502e-02 1.14304116e+15 1.94754131e+15 5.86914974e-01 5.81796522e-01
5.75000010e-02 1.00000000e+00 2.84682998e+16 4.83450863e+16 2.84682998e+16 4.83450863e+16 4.41471413e-02 1.25679405e+15 2.13429736e+15 5.88856116e-01 5.82924623e-01
6.25000000e-02 1.00000000e+00 2.85883904e+16 4.83992574e+16 2.85883904e+16 4.83992574e+16 4.79831807e-02 1.37176190e+15 2.32235031e+15 5.90678286e-01 5.84073109e-01
6.75000027e-02 9.43565832e-01 2.87114404e+16 4.84760521e+16 2.70911341e+16 4.57403465e+16 5.18221222e-02 1.40392006e+15 2.37036182e+15 5.92280913e-01 5.85151032e-01
7.24999979e-02 8.66483116e-01 2.88343491e+16 4.85724539e+16 2.49844766e+16 4.20872112e+16 5.56556731e-02 1.39052786e+15 2.34239207e+15 5.93635832e-01 5.86125694e-01
7.75000006e-02 8.26915571e-01 2.89725010e+16 4.86854465e+16 2.39578122e+16 4.02587537e+16 5.94903380e-02 1.42525834e+15 2.39500687e+15 5.95095724e-01 5.87068504e-01
8.25000033e-02 8.03383849e-01 2.91244196e+16 4.88120132e+16 2.33980883e+16 3.92147831e+16 6.33235574e-02 1.48165019e+15 2.48321957e+15 5.96664994e-01 5.88011541e-01
8.74999985e-02 7.75772666e-01 2.93125407e+16 4.89491375e+16 2.27398678e+16 3.79734029e+16 6.71504512e-02 1.52699238e+15 2.54993114e+15 5.98836714e-01 5.89003772e-01
9.25000012e-02 7.53629344e-01 2.95440404e+16 4.90938032e+16 2.22652558e+16 3.69985307e+16 7.09799752e-02 1.58038731e+15 2.62615479e+15 6.01787568e-01 5.90106463e-01
9.74999964e-02 7.44647119e-01 2.96324506e+16 4.92429934e+16 2.20657189e+16 3.66686532e+16 7.48105496e-02 1.65074856e+15 2.74320210e+15 6.01759732e-01 5.91069653e-01
1.02499999e-01 7.26002929e-01 2.96427807e+16 4.93936921e+16 2.15207456e+16 3.58599652e+16 7.86441192e-02 1.69248008e+15 2.82017538e+15 6.00132920e-01 5.91779474e-01
1.07500002e-01 7.09995916e-01 2.96396493e+16 4.95428826e+16 2.10440299e+16 3.51752443e+16 8.24650228e-02 1.73539641e+15 2.90072732e+15 5.98262510e-01 5.92262784e-01
1.12499997e-01 7.12538776e-01 2.96304804e+16 4.96875480e+16 2.11128662e+16 3.54043047e+16 8.62875357e-02 1.82177720e+15 3.05495020e+15 5.96336136e-01 5.92559316e-01
1.17500000e-01 6.91595595e-01 2.96201810e+16 4.98246725e+16 2.04851867e+16 3.44585241e+16 9.01125073e-02 1.84597154e+15 3.10514400e+15 5.94488222e-01 5.92692210e-01
1.22500002e-01 6.81598349e-01 2.96064901e+16 4.99512393e+16 2.01797348e+16 3.40466823e+16 9.39324349e-02 1.89553162e+15 3.19808777e+15 5.92707819e-01 5.92693244e-01
1.27499998e-01 6.86260698e-01 2.95945503e+16 5.00642317e+16 2.03095767e+16 3.43571146e+16 9.77387950e-02 1.98503356e+15 3.35802298e+15 5.91131617e-01 5.92591668e-01
1.32499993e-01 6.69402297e-01 2.95812096e+16 5.01606335e+16 1.98017296e+16 3.35776433e+16 1.01557098e-01 2.01100621e+15 3.41004802e+15 5.89729585e-01 5.92414333e-01
1.37500003e-01 6.61695730e-01 2.95691203e+16 5.02374284e+16 1.95657606e+16 3.32418918e+16 1.05366901e-01 2.06158355e+15 3.50259511e+15 5.88587458e-01 5.92185356e-01
1.42499998e-01 6.63730592e-01 2.95578993e+16 5.02915994e+16 1.96184820e+16 3.33800730e+16 1.09164394e-01 2.14163970e+15 3.64391546e+15 5.87730349e-01 5.91924291e-01
1.47499993e-01 6.53992327e-01 2.95466496e+16 5.03201303e+16 1.93232821e+16 3.29089791e+16 1.12990499e-01 2.18334728e+15 3.71840196e+15 5.87173551e-01 5.91656235e-01
1.52500004e-01 6.46112359e-01 2.95376404e+16 5.03138695e+16 1.90846345e+16 3.25084129e+16 1.16775706e-01 2.22862168e+15 3.79619288e+15 5.87067557e-01 5.91406304e-01
1.57499999e-01 6.48977062e-01 2.95292191e+16 5.02362639e+16 1.91637858e+16 3.26021829e+16 1.20592400e-01 2.31100693e+15 3.93157550e+15 5.87806831e-01 5.91214102e-01
1.62499994e-01 6.40209142e-01 2.95209206e+16 5.00865284e+16 1.88995632e+16 3.20658534e+16 1.24380998e-01 2.35074654e+15 3.98838285e+15 5.89398418e-01 5.91120802e-01
1.67500004e-01 6.35742015e-01 2.95146803e+16 4.98703759e+16 1.87637223e+16 3.17046933e+16 1.28168702e-01 2.40492194e+15 4.06354939e+15 5.91827909e-01 5.91155980e-01
1.72499999e-01 6.34145169e-01 2.95087309e+16 4.95935216e+16 1.87128191e+16 3.14494921e+16 1.31963700e-01 2.46941285e+15 4.15019135e+15 5.95011807e-01 5.91342422e-01
1.77499995e-01 6.30489351e-01 2.95039508e+16 4.92616785e+16 1.86019268e+16 3.10589637e+16 1.35736704e-01 2.52496423e+15 4.21584136e+15 5.98922972e-01 5.91697331e-01
1.82500005e-01 6.23761594e-01 2.95014892e+16 4.88805591e+16 1.84018959e+16 3.04898154e+16 1.39537007e-01 2.56774547e+15 4.25445758e+15 6.03542384e-01 5.92231728e-01
1.87500000e-01 6.24113887e-01 2.94983393e+16 4.84558794e+16 1.84103232e+16 3.02419872e+16 1.43303409e-01 2.63826208e+15 4.33377987e+15 6.08766979e-01 5.92958246e-01
1.92499995e-01 6.21221549e-01 2.94971494e+16 4.79933521e+16 1.83242649e+16 2.98145046e+16 1.47068709e-01 2.69492598e+15 4.38478070e+15 6.14609068e-01 5.93879760e-01
1.97500005e-01 6.17789932e-01 2.94973993e+16 4.74986894e+16 1.82231963e+16 2.93442121e+16 1.50853097e-01 2.74902561e+15 4.42666528e+15 6.21015015e-01 5.94997700e-01
2.02500001e-01 6.14381376e-01 2.94975406e+16 4.69776079e+16 1.81227396e+16 2.88621674e+16 1.54623598e-01 2.80220320e+15 4.46277216e+15 6.27906399e-01 5.96310050e-01
2.07499996e-01 6.14695241e-01 2.95000207e+16 4.64358199e+16 1.81335224e+16 2.85438775e+16 1.58403099e-01 2.87240613e+15 4.52143864e+15 6.35285881e-01 5.97823628e-01
2.12500006e-01 6.10111611e-01 2.95030907e+16 4.58790374e+16 1.80001782e+16 2.79913334e+16 1.62122905e-01 2.91824118e+15 4.53803629e+15 6.43062548e-01 5.99520728e-01
2.17500001e-01 6.07849709e-01 2.95066808e+16 4.53129774e+16 1.79356274e+16 2.75434802e+16 1.65897697e-01 2.97547928e+15 4.56939993e+15 6.51175061e-01 6.01400869e-01
2.22499996e-01 6.07335119e-01 2.95119708e+16 4.47433521e+16 1.79236563e+16 2.71742091e+16 1.69655204e-01 3.04084156e+15 4.61024598e+15 6.59583366e-01 6.03461869e-01
2.27500007e-01 6.04781771e-01 2.95173100e+16 4.41758735e+16 1.78515310e+16 2.67167630e+16 1.73390999e-01 3.09529480e+15 4.63244624e+15 6.68177166e-01 6.05686149e-01
2.32500002e-01 6.01741955e-01 2.95060398e+16 4.36162586e+16 1.77550221e+16 2.62457327e+16 1.77138209e-01 3.14509282e+15 4.64912209e+15 6.76491767e-01 6.08047077e-01
2.37499997e-01 6.03436936e-01 2.94582804e+16 4.30702194e+16 1.77762145e+16 2.59901612e+16 1.80867404e-01 3.21513777e+15 4.70077299e+15 6.83959377e-01 6.10522932e-01
2.42500007e-01 5.99540226e-01 2.93759590e+16 4.25434682e+16 1.76120691e+16 2.55065205e+16 1.84582591e-01 3.25088135e+15 4.70805965e+15 6.90492814e-01 6.13052535e-01
2.47500002e-01 5.96468444e-01 2.92558909e+16 4.20417217e+16 1.74502158e+16 2.50765603e+16 1.88315496e-01 3.28614603e+15 4.72230489e+15 6.95877565e-01 6.15599569e-01
2.52499998e-01 5.98354673e-01 2.90960507e+16 4.15644877e+16 1.74097579e+16 2.48703054e+16 1.92038506e-01 3.34334390e+15 4.77605631e+15 7.00021877e-01 6.18146071e-01
2.57499993e-01 5.95239646e-01 2.89000100e+16 4.10786597e+16 1.72024317e+16 2.44516468e+16 1.95746407e-01 3.36731420e+15 4.78632201e+15 7.03528552e-01 6.20651340e-01
2.62499988e-01 5.92259969e-01 2.86651802e+16 4.05796749e+16 1.69772387e+16 2.40337170e+16 1.99495092e-01 3.38687580e+15 4.79460859e+15 7.06392552e-01 6.23099533e-01
2.67500013e-01 5.94354464e-01 2.83896095e+16 4.00689951e+16 1.68734911e+16 2.38151861e+16 2.03140706e-01 3.42769290e+15 4.83783371e+15 7.08518130e-01 6.25491585e-01
2.72500008e-01 5.92494400e-01 2.80766710e+16 3.95480908e+16 1.66352703e+16 2.34320223e+16 2.06866592e-01 3.44128168e+15 4.84730261e+15 7.09937456e-01 6.27796357e-01
2.77500004e-01 5.87985927e-01 2.77252506e+16 3.90184239e+16 1.63020571e+16 2.29422841e+16 2.10559905e-01 3.43255960e+15 4.83072515e+15 7.10568183e-01 6.29988098e-01
2.82499999e-01 5.91384832e-01 2.73558200e+16 3.84814589e+16 1.61778170e+16 2.27573511e+16 2.14253202e-01 3.46614910e+15 4.87583534e+15 7.10883133e-01 6.32093867e-01
2.87499994e-01 5.88051670e-01 2.69480694e+16 3.79386605e+16 1.58468572e+16 2.23098927e+16 2.17893094e-01 3.45292075e+15 4.86117154e+15 7.10306295e-01 6.34072336e-01
2.92499989e-01 5.86150077e-01 2.65037496e+16 3.73914935e+16 1.55351749e+16 2.19170268e+16 2.21575901e-01 3.44222037e+15 4.85628495e+15 7.08817626e-01 6.35914642e-01
2.97500014e-01 5.87553924e-01 2.60230697e+16 3.68414191e+16 1.52899567e+16 2.16463204e+16 2.25277290e-01 3.44448001e+15 4.87642439e+15 7.06353619e-01 6.37615901e-01
3.02500010e-01 5.86661156e-01 2.55173796e+16 3.62899087e+16 1.49700554e+16 2.12898798e+16 2.28930295e-01 3.42709920e+15 4.87389845e+15 7.03153591e-01 6.39160673e-01
3.07500005e-01 5.81531181e-01 2.49996595e+16 3.57384235e+16 1.45380815e+16 2.07830077e+16 2.32581005e-01 3.38128161e+15 4.83373280e+15 6.99517691e-01 6.40539380e-01
3.12500000e-01 5.86572390e-01 2.44468797e+16 3.51884284e+16 1.43398647e+16 2.06405606e+16 2.36181408e-01 3.38680943e+15 4.87491666e+15 6.94742017e-01 6.41759935e-01
3.17499995e-01 5.83030239e-01 2.38606193e+16 3.46413880e+16 1.39114626e+16 2.01969767e+16 2.39869088e-01 3.33692983e+15 4.84463038e+15 6.88789355e-01 6.42789345e-01
3.22499990e-01 5.81592739e-01 2.32743096e+16 3.40987668e+16 1.35361695e+16 1.98315952e+16 2.43506297e-01 3.29614252e+15 4.82911832e+15 6.82555758e-01 6.43638465e-01
3.27499986e-01 5.82783545e-01 2.26598502e+16 3.35620297e+16 1.32057878e+16 1.95593986e+16 2.47077793e-01 3.26285692e+15 4.83269305e+15 6.75163285e-01 6.44298009e-01
3.32500011e-01 5.82097988e-01 2.20170895e+16 3.30326381e+16 1.28161035e+16 1.92282322e+16 2.50708699e-01 3.21310864e+15 4.82068509e+15 6.66525315e-01 6.44752397e-01
3.37500006e-01 5.55273529e-01 2.13846692e+16 3.25120631e+16 1.18743407e+16 1.80530880e+16 2.54339486e-01 3.02011372e+15 4.59161313e+15 6.57745684e-01 6.45000563e-01
3.42500001e-01 5.21063343e-01 2.07240806e+16 3.20017661e+16 1.07985587e+16 1.66749472e+16 2.57922590e-01 2.78519224e+15 4.30084558e+15 6.47591779e-01 6.45046105e-01
3.47499996e-01 4.98903455e-01 2.00589599e+16 3.15032118e+16 1.00074844e+16 1.57170612e+16 2.61542916e-01 2.61738665e+15 4.11068602e+15 6.36727455e-01 6.44908673e-01
3.52499992e-01 4.79970651e-01 1.93905398e+16 3.10159268e+16 9.30689000e+15 1.48867346e+16 2.65070826e-01 2.46698502e+15 3.94603903e+15 6.25180085e-01 6.44600677e-01
3.57499987e-01 4.68929011e-01 1.87092808e+16 3.05294803e+16 8.77332453e+15 1.43161590e+16 2.68721700e-01 2.35758268e+15 3.84706258e+15 6.12826704e-01 6.44124325e-01
3.62500012e-01 4.55992761e-01 1.80399002e+16 3.00427121e+16 8.22606388e+15 1.36992592e+16 2.72249401e-01 2.23954096e+15 3.72961512e+15 6.00475086e-01 6.43499006e-01
3.67500007e-01 4.43459032e-01 1.73569700e+16 2.95563794e+16 7.69710510e+15 1.31070434e+16 2.75765002e-01 2.12259220e+15 3.61446384e+15 5.87249533e-01 6.42728751e-01
3.72500002e-01 4.35549089e-01 1.66963896e+16 2.90712302e+16 7.27209729e+15 1.26619478e+16 2.79350400e-01 2.03146329e+15 3.53712019e+15 5.74326903e-01 6.41824250e-01
3.77499998e-01 4.25240529e-01 1.60245801e+16 2.85880159e+16 6.81430092e+15 1.21567830e+16 2.82902420e-01 1.92778222e+15 3.43918333e+15 5.60534881e-01 6.40792363e-01
3.82499993e-01 4.15617618e-01 1.53784197e+16 2.81074876e+16 6.39154217e+15 1.16819671e+16 2.86407918e-01 1.83058828e+15 3.34580786e+15 5.47128933e-01 6.39649791e-01
3.87499988e-01 4.10023873e-01 1.47294802e+16 2.76303965e+16 6.03943852e+15 1.13291222e+16 2.89985687e-01 1.75135073e+15 3.28528328e+15 5.33089714e-01 6.38388518e-01
3.92500013e-01 4.01740668e-01 1.41066998e+16 2.71574910e+16 5.66723500e+15 1.09102686e+16 2.93511808e-01 1.66340039e+15 3.20229266e+15 5.19440465e-01 6.37031836e-01
3.97500008e-01 3.93195425e-01 1.34890199e+16 2.66895279e+16 5.30382092e+15 1.04942003e+16 2.96907097e-01 1.57474207e+15 3.11580254e+15 5.05404965e-01 6.35587125e-01
4.02500004e-01 3.89042658e-01 1.28949105e+16 2.62272555e+16 5.01667025e+15 1.02035212e+16 3.00488681e-01 1.50745262e+15 3.06604262e+15 4.91660688e-01 6.34049253e-01
4.07499999e-01 3.81505737e-01 1.23170202e+16 2.57714250e+16 4.69901385e+15 9.83194647e+15 3.03960085e-01 1.42831265e+15 2.98851928e+15 4.77933222e-01 6.32440072e-01
4.12499994e-01 3.74569771e-01 1.17582203e+16 2.53227876e+16 4.40427388e+15 9.48515073e+15 3.07442695e-01 1.35406183e+15 2.91614030e+15 4.64333568e-01 6.30766101e-01
4.17499989e-01 3.71038659e-01 1.12255795e+16 2.48820944e+16 4.16512397e+15 9.23221895e+15 3.10841799e-01 1.29469463e+15 2.86975955e+15 4.51150909e-01 6.29023056e-01
4.22500014e-01 3.64315048e-01 1.07080602e+16 2.44500942e+16 3.90110745e+15 8.90753723e+15 3.14280808e-01 1.22604320e+15 2.79946800e+15 4.37955784e-01 6.27231255e-01
4.27500010e-01 3.59019826e-01 1.02227302e+16 2.40275432e+16 3.67016283e+15 8.62636437e+15 3.17831010e-01 1.16649156e+15 2.74172610e+15 4.25458823e-01 6.25394956e-01
4.32500005e-01 3.54840380e-01 9.74521242e+15 2.36151900e+16 3.45799488e+15 8.37962299e+15 3.21211398e-01 1.11074737e+15 2.69163041e+15 4.12667119e-01 6.23511158e-01
4.37500000e-01 3.50058875e-01 9.30279936e+15 2.32137858e+16 3.25652748e+15 8.12619176e+15 3.24625403e-01 1.05715155e+15 2.63796827e+15 4.00744602e-01 6.21594427e-01
4.42499995e-01 3.44377517e-01 8.86784614e+15 2.28240818e+16 3.05388684e+15 7.86010062e+15 3.28031600e-01 1.00177138e+15 2.57836138e+15 3.88530247e-01 6.19650752e-01
4.47499990e-01 3.41507571e-01 8.46199603e+15 2.24468291e+16 2.88983571e+15 7.66576209e+15 3.31423104e-01 9.57758321e+14 2.54061067e+15 3.76979572e-01 6.17672841e-01
4.52499986e-01 3.36712856e-01 8.06561587e+15 2.20820820e+16 2.71579656e+15 7.43532090e+15 3.34843189e-01 9.09365979e+14 2.48966656e+15 3.65256133e-01 6.15672728e-01
4.57500011e-01 3.31859009e-01 7.69345792e+15 2.17259931e+16 2.55314332e+15 7.20996652e+15 3.38259310e-01 8.63624496e+14 2.43883830e+15 3.54113062e-01 6.13658118e-01
4.62500006e-01 3.29768346e-01 7.33278720e+15 2.13775617e+16 2.41812110e+15 7.04964316e+15 3.41479093e-01 8.25737801e+14 2.40730575e+15 3.43013263e-01 6.11616009e-01
4.67500001e-01 3.24439064e-01 6.99341722e+15 2.10364319e+16 2.26893773e+15 6.82504027e+15 3.44900578e-01 7.82557936e+14 2.35396034e+15 3.32443127e-01 6.09571318e-01
4.72499996e-01 3.21049847e-01 6.66529690e+15 2.07022498e+16 2.13989255e+15 6.64645412e+15 3.48307580e-01 7.45340795e+14 2.31501035e+15 3.21960027e-01 6.07514493e-01
4.77499992e-01 3.18072728e-01 6.35524403e+15 2.03746614e+16 2.02142980e+15 6.48062412e+15 3.51579607e-01 7.10693495e+14 2.27845528e+15 3.11919001e-01 6.05448491e-01
4.82499987e-01 3.14311214e-01 6.05707110e+15 2.00533128e+16 1.90380537e+15 6.30298110e+15 3.54875416e-01 6.75613722e+14 2.23677304e+15 3.02048402e-01 6.03380921e-01
4.87500012e-01 3.10328421e-01 5.77539482e+15 1.97378484e+16 1.79226916e+15 6.12521534e+15 3.58142674e-01 6.41888068e+14 2.19370100e+15 2.92605085e-01 6.01317659e-01
4.92500007e-01 3.08883352e-01 5.50370406e+15 1.94279179e+16 1.70000256e+15 6.00096042e+15 3.61445308e-01 6.14457948e+14 2.16901898e+15 2.83288414e-01 5.99243612e-01
4.97500002e-01 3.03939227e-01 5.24797798e+15 1.91231657e+16 1.59506637e+15 5.81228019e+15 3.64756197e-01 5.81810344e+14 2.12006522e+15 2.74430399e-01 5.97186246e-01
5.02499998e-01 3.01636748e-01 5.00058214e+15 1.88232376e+16 1.50835934e+15 5.67778019e+15 3.68044496e-01 5.55143351e+14 2.08967574e+15 2.65660044e-01 5.95129303e-01
5.07499993e-01 2.99286515e-01 4.76874598e+15 1.85277800e+16 1.42722137e+15 5.54511471e+15 3.71278197e-01 5.29896175e+14 2.05878019e+15 2.57383561e-01 5.93077296e-01
5.12499988e-01 2.95359398e-01 4.54233702e+15 1.82364388e+16 1.34162193e+15 5.38630359e+15 3.74429822e-01 5.02343260e+14 2.01679270e+15 2.49080265e-01 5.91042045e-01
5.17499983e-01 2.92994433e-01 4.33208115e+15 1.79488603e+16 1.26927566e+15 5.25891614e+15 3.77652913e-01 4.79345651e+14 1.98604500e+15 2.41356893e-01 5.89016485e-01
5.22499979e-01 2.91174498e-01 4.12531200e+15 1.76646904e+16 1.20118565e+15 5.14350736e+15 3.80915314e-01 4.57550010e+14 1.95924072e+15 2.33534351e-01 5.86996678e-01
5.27499974e-01 2.87175808e-01 3.93510195e+15 1.73835753e+16 1.13006608e+15 4.99214229e+15 3.84140700e-01 4.34104376e+14 1.91768503e+15 2.26368965e-01 5.85002188e-01
5.32500029e-01 2.85230450e-01 3.74787302e+15 1.71051578e+16 1.06900751e+15 4.87891188e+15 3.87309492e-01 4.14036756e+14 1.88964888e+15 2.19107772e-01 5.83018962e-01
5.37500024e-01 2.83723828e-01 3.57299200e+15 1.68290907e+16 1.01374297e+15 4.77481404e+15 3.90382409e-01 3.95747422e+14 1.86400341e+15 2.12310461e-01 5.81047453e-01
5.42500019e-01 2.79345569e-01 3.40405197e+15 1.65550167e+16 9.50906833e+14 4.62457055e+15 3.93558413e-01 3.74237384e+14 1.82003865e+15 2.05620570e-01 5.79108014e-01
5.47500014e-01 2.78417850e-01 3.24331290e+15 1.62825819e+16 9.02996205e+14 4.53336144e+15 3.96669805e-01 3.58191329e+14 1.79824760e+15 1.99189104e-01 5.77178716e-01
5.52500010e-01 2.76265088e-01 3.09042790e+15 1.60117822e+16 8.53777338e+14 4.42349643e+15 3.99794012e-01 3.41335067e+14 1.76848738e+15 1.93009614e-01 5.75269654e-01
5.57500005e-01 2.72939242e-01 2.94188006e+15 1.57444330e+16 8.02954516e+14 4.29727362e+15 4.02926326e-01 3.23531513e+14 1.73148467e+15 1.86852080e-01 5.73389016e-01
5.62500000e-01 2.71326004e-01 2.80381210e+15 1.54807091e+16 7.60747133e+14 4.20031895e+15 4.06058699e-01 3.08907991e+14 1.70557605e+15 1.81116516e-01 5.71527014e-01
5.67499995e-01 2.69922741e-01 2.66794112e+15 1.52204433e+16 7.20137979e+14 4.10834378e+15 4.09012318e-01 2.94545304e+14 1.68036321e+15 1.75286689e-01 5.69682607e-01
5.72499990e-01 2.66731017e-01 2.54138598e+15 1.49634684e+16 6.77866469e+14 3.99122116e+15 4.12048906e-01 2.79314137e+14 1.64457831e+15 1.69839366e-01 5.67869325e-01
5.77499986e-01 2.65260203e-01 2.41838694e+15 1.47096172e+16 6.41501811e+14 3.90187603e+15 4.15162891e-01 2.66327747e+14 1.61991413e+15 1.64408558e-01 5.66075092e-01
5.82499981e-01 2.63400441e-01 2.30086810e+15 1.44587223e+16 6.06049672e+14 3.80843385e+15 4.18176502e-01 2.53435732e+14 1.59259754e+15 1.59133569e-01 5.64303643e-01
5.87499976e-01 2.61096129e-01 2.18990797e+15 1.42106167e+16 5.71776493e+14 3.71033702e+15 4.21171188e-01 2.40815785e+14 1.56268705e+15 1.54103654e-01 5.62558997e-01
5.92499971e-01 2.59366195e-01 2.08103104e+15 1.39651331e+16 5.39749102e+14 3.62208344e+15 4.24153894e-01 2.28936683e+14 1.53632080e+15 1.49016198e-01 5.60837010e-01
5.97500026e-01 2.57562926e-01 1.98063501e+15 1.37221014e+16 5.10138149e+14 3.53430460e+15 4.26993400e-01 2.17825623e+14 1.50912474e+15 1.44339044e-01 5.59140358e-01
6.02500021e-01 2.55892923e-01 1.88259302e+15 1.34813602e+16 4.81742231e+14 3.44978466e+15 4.30114806e-01 2.07204466e+14 1.48380346e+15 1.39644145e-01 5.57466868e-01
6.07500017e-01 2.53849595e-01 1.78948096e+15 1.32427393e+16 4.54259018e+14 3.36166402e+15 4.32974607e-01 1.96682620e+14 1.45551516e+15 1.35129214e-01 5.55820606e-01
6.12500012e-01 2.52059991e-01 1.70135398e+15 1.30060716e+16 4.28843270e+14 3.27831029e+15 4.35743093e-01 1.86865493e+14 1.42850107e+15 1.30812288e-01 5.54200877e-01
6.17500007e-01 2.51174635e-01 1.61516006e+15 1.27711897e+16 4.05687239e+14 3.20779891e+15 4.38792318e-01 1.78012444e+14 1.40755752e+15 1.26469037e-01 5.52600677e-01
6.22500002e-01 2.48805387e-01 1.53561498e+15 1.25379266e+16 3.82069279e+14 3.11950368e+15 4.41585004e-01 1.68716064e+14 1.37752604e+15 1.22477586e-01 5.51031609e-01
6.27499998e-01 2.47102487e-01 1.45838605e+15 1.23061149e+16 3.60370819e+14 3.04087159e+15 4.44588602e-01 1.60216759e+14 1.35193685e+15 1.18509055e-01 5.49488622e-01
6.32499993e-01 2.46323567e-01 1.38458496e+15 1.20755875e+16 3.41055906e+14 2.97450178e+15 4.47285801e-01 1.52549464e+14 1.33045241e+15 1.14659843e-01 5.47967399e-01
6.37499988e-01 2.43743435e-01 1.31526400e+15 1.18461771e+16 3.20586965e+14 2.88742789e+15 4.50068176e-01 1.44285991e+14 1.29953940e+15 1.11028562e-01 5.46479396e-01
6.42499983e-01 2.42645467e-01 1.24748506e+15 1.16177165e+16 3.02696594e+14 2.81898625e+15 4.53025311e-01 1.37129219e+14 1.27707212e+15 1.07377819e-01 5.45014782e-01
6.47499979e-01 2.41341475e-01 1.18439296e+15 1.13900385e+16 2.85843143e+14 2.74888869e+15 4.55633819e-01 1.30239803e+14 1.25248665e+15 1.03984983e-01 5.43576761e-01
6.52499974e-01 2.39689828e-01 1.12381094e+15 1.11632546e+16 2.69366052e+14 2.67571857e+15 4.58364010e-01 1.23467704e+14 1.22645310e+15 1.00670547e-01 5.42167139e-01
6.57500029e-01 2.38137758e-01 1.06536499e+15 1.09388547e+16 2.53703630e+14 2.60495433e+15 4.61261183e-01 1.17023637e+14 1.20156432e+15 9.73927363e-02 5.40784609e-01
6.62500024e-01 2.37199504e-01 1.01152397e+15 1.07169250e+16 2.39932984e+14 2.54204929e+15 4.63795692e-01 1.11279884e+14 1.17899151e+15 9.43856537e-02 5.39427236e-01
6.67500019e-01 2.35015007e-01 9.59281408e+14 1.04972634e+16 2.25445527e+14 2.46701444e+15 4.66443598e-01 1.05157623e+14 1.15072309e+15 9.13839511e-02 5.38101464e-01
6.72500014e-01 2.34545080e-01 9.10464320e+14 1.02796708e+16 2.13544927e+14 2.41104622e+15 4.69385803e-01 1.00234957e+14 1.13171087e+15 8.85694040e-02 5.36797059e-01
6.77500010e-01 2.32510827e-01 8.64461184e+14 1.00639480e+16 2.00996585e+14 2.33997687e+15 4.71995801e-01 9.48695441e+13 1.10445926e+15 8.58968256e-02 5.35523796e-01
6.82500005e-01 2.31814593e-01 8.19719680e+14 9.84989555e+15 1.90022984e+14 2.28334953e+15 4.74223107e-01 9.01132899e+13 1.08281711e+15 8.32211545e-02 5.34275057e-01
6.87500000e-01 2.30668239e-01 7.78854272e+14 9.63731434e+15 1.79656943e+14 2.22302233e+15 4.77119893e-01 8.57179015e+13 1.06064817e+15 8.08165267e-02 5.33052065e-01
6.92499995e-01 2.27859932e-01 7.39236288e+14 9.42600509e+15 1.68442330e+14 2.14780888e+15 4.79810089e-01 8.08203294e+13 1.03054037e+15 7.84251951e-02 5.31863842e-01
6.97499990e-01 2.29132858e-01 7.01582784e+14 9.21576854e+15 1.60755668e+14 2.11163538e+15 4.82139915e-01 7.75067243e+13 1.01810371e+15 7.61285161e-02 5.30690126e-01
7.02499986e-01 2.25750184e-01 6.66636800e+14 9.00640546e+15 1.50493380e+14 2.03319769e+15 4.84985799e-01 7.29871522e+13 9.86072005e+14 7.40180756e-02 5.29553836e-01
7.07499981e-01 2.24719103e-01 6.32507072e+14 8.79771658e+15 1.42136422e+14 1.97701498e+15 4.87196416e-01 6.92483552e+13 9.63194611e+14 7.18944587e-02 5.28444206e-01
7.12499976e-01 2.25631558e-01 6.00898816e+14 8.58950267e+15 1.35581736e+14 1.93806287e+15 4.89548177e-01 6.63737916e+13 9.48775143e+14 6.99573467e-02 5.27351821e-01
7.17499971e-01 2.22476854e-01 5.70639872e+14 8.38156447e+15 1.26954163e+14 1.86470409e+15 4.92317587e-01 6.25017674e+13 9.18026620e+14 6.80827397e-02 5.26295469e-01
7.22500026e-01 2.21529563e-01 5.41556416e+14 8.17370025e+15 1.19970756e+14 1.81071624e+15 4.94748175e-01 5.93553126e+13 8.95848556e+14 6.62559673e-02 5.25265221e-01
7.27500021e-01 2.21723574e-01 5.14724800e+14 7.96571571e+15 1.14126622e+14 1.76618696e+15 4.96966302e-01 5.67170855e+13 8.77735402e+14 6.46175207e-02 5.24256682e-01
7.32500017e-01 2.19068577e-01 4.88466208e+14 7.75740914e+15 1.07007597e+14 1.69940458e+15 4.99601692e-01 5.34611766e+13 8.49025405e+14 6.29676995e-02 5.23281838e-01
7.37500012e-01 2.18558482e-01 4.63989184e+14 7.54858128e+15 1.01408771e+14 1.64980646e+15 5.01727164e-01 5.08795353e+13 8.27752717e+14 6.14670713e-02 5.22332292e-01
7.42500007e-01 2.18583430e-01 4.40519200e+14 7.33903288e+15 9.62901979e+13 1.60419098e+15 5.04099190e-01 4.85398108e+13 8.08671376e+14 6.00241485e-02 5.21405506e-01
7.47500002e-01 2.15600081e-01 4.17956416e+14 7.12856470e+15 9.01114370e+13 1.53691912e+15 5.06382167e-01 4.56308248e+13 7.78268437e+14 5.86312159e-02 5.20514383e-01
7.52499998e-01 2.16097497e-01 3.97021888e+14 6.91651280e+15 8.57954362e+13 1.49464110e+15 5.08967519e-01 4.36670903e+13 7.60723773e+14 5.74020319e-02 5.19644350e-01
7.57499993e-01 2.14631958e-01 3.76344512e+14 6.70025752e+15 8.07755593e+13 1.43808939e+15 5.11035383e-01 4.12791689e+13 7.34914560e+14 5.61686638e-02 5.18804699e-01
7.62499988e-01 2.13369910e-01 3.57326784e+14 6.48007454e+15 7.62427838e+13 1.38265292e+15 5.13310909e-01 3.91362527e+13 7.09730829e+14 5.51423879e-02 5.17994911e-01
7.67499983e-01 2.12849354e-01 3.38703712e+14 6.25674507e+15 7.20928662e+13 1.33174414e+15 5.15338600e-01 3.71522367e+13 6.86299163e+14 5.41341717e-02 5.17212845e-01
7.72499979e-01 2.11500873e-01 3.21174784e+14 6.03105031e+15 6.79287472e+13 1.27557241e+15 5.17666578e-01 3.51644421e+13 6.60321203e+14 5.32535408e-02 5.16461440e-01
7.77499974e-01 2.10789632e-01 3.04404096e+14 5.80377148e+15 6.41652272e+13 1.22337485e+15 5.20096481e-01 3.33721089e+13 6.36272955e+14 5.24493594e-02 5.15738446e-01
7.82500029e-01 2.10191715e-01 2.88187584e+14 5.57568706e+15 6.05746426e+13 1.17196323e+15 5.21743834e-01 3.16044463e+13 6.11464587e+14 5.16864704e-02 5.15044621e-01
7.87500024e-01 2.08950703e-01 2.72946496e+14 5.34758370e+15 5.70323621e+13 1.11738137e+15 5.24064600e-01 2.98886421e+13 5.85580021e+14 5.10410891e-02 5.14381187e-01
7.92500019e-01 2.08259492e-01 2.57992192e+14 5.12023989e+15 5.37293228e+13 1.06633856e+15 5.26176810e-01 2.82711237e+13 5.61082621e+14 5.03867392e-02 5.13746389e-01
7.97500014e-01 2.06808520e-01 2.44074896e+14 4.89443684e+15 5.04767680e+13 1.01221124e+15 5.28135180e-01 2.66585570e+13 5.34584366e+14 4.98678201e-02 5.13142509e-01
8.02500010e-01 2.06822793e-01 2.30344800e+14 4.67095577e+15 4.76405548e+13 9.66060116e+14 5.30210197e-01 2.52595079e+13 5.12214924e+14 4.93142756e-02 5.12564681e-01
8.07500005e-01 2.05404325e-01 2.17596096e+14 4.45057787e+15 4.46951792e+13 9.14167941e+14 5.32026827e-01 2.37790344e+13 4.86361870e+14 4.88916501e-02 5.12016850e-01
8.12500000e-01 2.05177296e-01 2.04444800e+14 4.23408435e+15 4.19474313e+13 8.68737979e+14 5.34217477e-01 2.24090509e+13 4.64095011e+14 4.82854811e-02 5.11494623e-01
8.17499995e-01 2.04034391e-01 1.91169792e+14 4.02225643e+15 3.90052122e+13 8.20678643e+14 5.35954595e-01 2.09050227e+13 4.39846489e+14 4.75279971e-02 5.10999959e-01
8.22499990e-01 2.02943805e-01 1.78278592e+14 3.81587531e+15 3.61805359e+13 7.74408256e+14 5.38073361e-01 1.94677825e+13 4.16688453e+14 4.67202353e-02 5.10531496e-01
8.27499986e-01 2.03315541e-01 1.66155904e+14 3.61572219e+15 3.37820775e+13 7.35132512e+14 5.39642096e-01 1.82302311e+13 3.96708449e+14 4.59537252e-02 5.10085637e-01
8.32499981e-01 2.00653832e-01 1.54553104e+14 3.42257829e+15 3.10116726e+13 6.86753449e+14 5.41815162e-01 1.68025944e+13 3.72093431e+14 4.51569229e-02 5.09667504e-01
8.37499976e-01 2.02096462e-01 1.43455392e+14 3.23722481e+15 2.89918272e+13 6.54231682e+14 5.43536186e-01 1.57581072e+13 3.55598593e+14 4.43143126e-02 5.09267885e-01
8.42499971e-01 2.00013020e-01 1.33076200e+14 3.06044296e+15 2.66169726e+13 6.12128438e+14 5.44980645e-01 1.45057349e+13 3.33598151e+14 4.34826598e-02 5.08892943e-01
8.47500026e-01 1.99551839e-01 1.23012400e+14 2.89301201e+15 2.45473506e+13 5.77305866e+14 5.47124624e-01 1.34304600e+13 3.15858255e+14 4.25205287e-02 5.08537764e-01
8.52500021e-01 1.99756705e-01 1.13673200e+14 2.73419177e+15 2.27069839e+13 5.46173138e+14 5.48596501e-01 1.24569719e+13 2.99628673e+14 4.15746991e-02 5.08200651e-01
8.57500017e-01 1.97522055e-01 1.04750496e+14 2.57558857e+15 2.06905333e+13 5.08735547e+14 5.50498128e-01 1.13900998e+13 2.80057966e+14 4.06705082e-02 5.07885388e-01
8.62500012e-01 1.98158440e-01 9.61740080e+13 2.41640559e+15 1.90576914e+13 4.78831163e+14 5.52091837e-01 1.05215959e+13 2.64358776e+14 3.98004409e-02 5.07587633e-01
8.67500007e-01 1.97295143e-01 8.82742800e+13 2.25736908e+15 1.74160867e+13 4.45367956e+14 5.53543210e-01 9.64055655e+12 2.46530408e+14 3.91049389e-02 5.07309888e-01
8.72500002e-01 1.96227577e-01 8.07158560e+13 2.09920527e+15 1.58386768e+13 4.11921963e+14 5.55447519e-01 8.79755376e+12 2.28801032e+14 3.84506734e-02 5.07052052e-01
8.77499998e-01 1.95963930e-01 7.34867200e+13 1.94264039e+15 1.44007465e+13 3.80687446e+14 5.56665838e-01 8.01640359e+12 2.11915696e+14 3.78282673e-02 5.06813180e-01
8.82499993e-01 1.96031276e-01 6.67028000e+13 1.78840069e+15 1.30758350e+13 3.50582469e+14 5.58548391e-01 7.30348659e+12 1.95817274e+14 3.72974582e-02 5.06592420e-01
8.87499988e-01 1.93943792e-01 6.02930600e+13 1.63721240e+15 1.16934647e+13 3.17527180e+14 5.59772193e-01 6.54567637e+12 1.77742886e+14 3.68266574e-02 5.06392017e-01
8.92499983e-01 1.95044633e-01 5.41242200e+13 1.48980175e+15 1.05566387e+13 2.90577837e+14 5.61320126e-01 5.92565374e+12 1.63107188e+14 3.63298136e-02 5.06208070e-01
8.97499979e-01 1.93736682e-01 4.81812880e+13 1.34689499e+15 9.33448287e+12 2.60942967e+14 5.62540829e-01 5.25102773e+12 1.46791073e+14 3.57721190e-02 5.06042451e-01
9.02499974e-01 1.94178624e-01 4.25933520e+13 1.20921835e+15 8.27071848e+12 2.34804356e+14 5.64329147e-01 4.66740751e+12 1.32506942e+14 3.52238716e-02 5.05892874e-01
9.07500029e-01 1.92276942e-01 3.73608600e+13 1.07749654e+15 7.18363189e+12 2.07177739e+14 5.65533876e-01 4.06258719e+12 1.17166030e+14 3.46737634e-02 5.05760540e-01
9.12500024e-01 1.92967274e-01 3.25013900e+13 9.52458934e+14 6.27170463e+12 1.83793404e+14 5.66575289e-01 3.55339286e+12 1.04132801e+14 3.41236654e-02 5.05642850e-01
9.17500019e-01 1.92243404e-01 2.80166300e+13 8.34830170e+14 5.38601232e+12 1.60490594e+14 5.67900181e-01 3.05871737e+12 9.11426372e+13 3.35596760e-02 5.05539767e-01
9.22500014e-01 1.92055550e-01 2.39073900e+13 7.25336482e+14 4.59154693e+12 1.39304897e+14 5.68885803e-01 2.61206587e+12 7.92485782e+13 3.29604130e-02 5.05450060e-01
9.27500010e-01 1.90609446e-01 2.02021400e+13 6.24704108e+14 3.85071871e+12 1.19074504e+14 5.70537686e-01 2.19698014e+12 6.79364920e+13 3.23387340e-02 5.05373083e-01
9.32500005e-01 1.92146149e-01 1.67599900e+13 5.33659284e+14 3.22036754e+12 1.02540576e+14 5.71246386e-01 1.83962331e+12 5.85759336e+13 3.14057874e-02 5.05306601e-01
9.37500000e-01 1.91168279e-01 1.35670600e+13 4.52928247e+14 2.59359151e+12 8.65855134e+13 5.72108686e-01 1.48381623e+12 4.95363243e+13 2.99541044e-02 5.05250222e-01
9.42499995e-01 1.91484731e-01 1.06656300e+13 3.83237233e+14 2.04230529e+12 7.33840785e+13 5.73037505e-01 1.17031753e+12 4.20518293e+13 2.78303596e-02 5.05202158e-01
9.47499990e-01 1.90916549e-01 8.10401400e+12 3.25312480e+14 1.54719039e+12 6.21075362e+13 5.74756622e-01 8.89257922e+11 3.56967177e+13 2.49114759e-02 5.05161115e-01
9.52499986e-01 1.90232647e-01 5.90547400e+12 2.78292284e+14 1.12341395e+12 5.29402778e+13 5.74383676e-01 6.45270636e+11 3.04080314e+13 2.12204015e-02 5.05125890e-01
9.57499981e-01 1.89897270e-01 4.08856900e+12 2.33434347e+14 7.76408093e+11 4.43285453e+13 5.75308502e-01 4.46674176e+11 2.55025890e+13 1.75148561e-02 5.05096126e-01
9.62499976e-01 1.88116411e-01 2.66571800e+12 1.90028237e+14 5.01465302e+11 3.57474299e+13 5.77330351e-01 2.89511139e+11 2.06380763e+13 1.40280099e-02 5.05071869e-01
9.67499971e-01 1.87528487e-01 1.69764500e+12 1.48958072e+14 3.18356799e+11 2.79338820e+13 5.79314649e-01 1.84428757e+11 1.61825070e+13 1.13967976e-02 5.05052749e-01
9.72500026e-01 1.84270202e-01 1.19342700e+12 1.11107541e+14 2.19913034e+11 2.04738090e+13 5.82357883e-01 1.28068089e+11 1.19230841e+13 1.07411881e-02 5.05038644e-01
9.77500021e-01 1.79039124e-01 9.41083812e+11 7.73616711e+13 1.68490822e+11 1.38507658e+13 5.87240994e-01 9.89447176e+10 8.13373750e+12 1.21647296e-02 5.05029049e-01
9.82500017e-01 1.82865396e-01 7.40157688e+11 4.86041084e+13 1.35349228e+11 8.88800952e+12 5.56258142e-01 7.52891103e+10 4.94402766e+12 1.52282947e-02 5.05023254e-01
9.87500012e-01 2.00181203e-01 5.86481500e+11 2.57189700e+13 1.17402572e+11 5.14845434e+12 5.09120703e-01 5.97720799e+10 2.62118469e+12 2.28034599e-02 5.05020229e-01
9.92500007e-01 2.13088434e-01 4.65535000e+11 9.59037318e+12 9.92001243e+10 2.04359761e+12 4.80053306e-01 4.76213476e+10 9.81035786e+11 4.85419067e-02 5.05019157e-01
9.97500002e-01 1.82499705e-01 3.66050688e+11 1.10243524e+12 6.68041427e+10 2.01194107e+11 4.63385105e-01 3.09560447e+10 9.32303523e+10 3.32038268e-01 5.05019119e-01
