# 104614M29  idx 2  channel total (DD+DT+TT+TD)  TH=THNTX  BT=BTN[DD+DT]  t = 13.329 s
# (TH/BT)_LOS = 0.529380  [cum (TH/BT)(rhot=1) must match this]
#   rhot          f             TH[n/m3/s]    BT[n/m3/s]    THKM14        BTKM14        DVOL[m3]      TH*f*DVOL[n/s] BT*f*DVOL[n/s] TH/BT_local   TH/BT_cum
2.49999994e-03 1.00000000e+00 2.72289096e+16 4.33039603e+16 2.72289096e+16 4.33039603e+16 1.92002300e-03 5.22801327e+13 8.31445999e+13 6.28785667e-01 6.28785667e-01
7.49999983e-03 1.00000000e+00 2.72121999e+16 4.33039603e+16 2.72121999e+16 4.33039603e+16 5.76050766e-03 1.56756086e+14 2.49452795e+14 6.28399798e-01 6.28496260e-01
1.25000002e-02 1.00000000e+00 2.71809393e+16 4.33039603e+16 2.71809393e+16 4.33039603e+16 9.60124563e-03 2.60970874e+14 4.15771960e+14 6.27677909e-01 6.28041608e-01
1.75000001e-02 1.00000000e+00 2.71886991e+16 4.33039603e+16 2.71886991e+16 4.33039603e+16 1.34413699e-02 3.65453361e+14 5.82064548e+14 6.27857104e-01 6.27960888e-01
2.25000009e-02 1.00000000e+00 2.72091996e+16 4.33039603e+16 2.72091996e+16 4.33039603e+16 1.72797702e-02 4.70168717e+14 7.48282484e+14 6.28330513e-01 6.28093943e-01
2.74999999e-02 1.00000000e+00 2.72401203e+16 4.33039603e+16 2.72401203e+16 4.33039603e+16 2.11175606e-02 5.75244891e+14 9.14474005e+14 6.29044552e-01 6.28384371e-01
3.24999988e-02 1.00000000e+00 2.72808591e+16 4.33039603e+16 2.72808591e+16 4.33039603e+16 2.49552298e-02 6.80800110e+14 1.08066028e+15 6.29985316e-01 6.28809050e-01
3.75000015e-02 1.00000000e+00 2.73311805e+16 4.33039603e+16 2.73311805e+16 4.33039603e+16 2.87921987e-02 7.86924782e+14 1.24681623e+15 6.31147367e-01 6.29356998e-01
4.25000004e-02 1.00000000e+00 2.73908408e+16 4.33039603e+16 2.73908408e+16 4.33039603e+16 3.26303579e-02 8.93772939e+14 1.41302372e+15 6.32525077e-01 6.30021800e-01
4.74999994e-02 1.00000000e+00 2.74600796e+16 4.33039603e+16 2.74600796e+16 4.33039603e+16 3.64687704e-02 1.00143534e+15 1.57924218e+15 6.34123979e-01 6.30801108e-01
5.24999984e-02 1.00000000e+00 2.75391304e+16 4.33081781e+16 2.75391304e+16 4.33081781e+16 4.03079502e-02 1.11004590e+15 1.74566389e+15 6.35887529e-01 6.31683854e-01
5.75000010e-02 1.00000000e+00 2.76293796e+16 4.33406336e+16 2.76293796e+16 4.33406336e+16 4.41471413e-02 1.21975812e+15 1.91336507e+15 6.37493670e-01 6.32612381e-01
6.25000000e-02 9.99523846e-01 2.77302600e+16 4.34022561e+16 2.77170561e+16 4.33815899e+16 4.79831807e-02 1.32995251e+15 2.08158667e+15 6.38912869e-01 6.33545599e-01
6.75000027e-02 9.30552131e-01 2.78350295e+16 4.34896143e+16 2.59019460e+16 4.04693532e+16 5.18221222e-02 1.34229381e+15 2.09720777e+15 6.40038547e-01 6.34388721e-01
7.24999979e-02 8.71730721e-01 2.79405609e+16 4.35992765e+16 2.43566453e+16 3.80068287e+16 5.56556731e-02 1.35558549e+15 2.11529564e+15 6.40849187e-01 6.35136874e-01
7.75000006e-02 8.43436997e-01 2.80613396e+16 4.37278116e+16 2.36679720e+16 3.68816541e+16 5.94903380e-02 1.40801566e+15 2.19410207e+15 6.41727509e-01 6.35843639e-01
8.25000033e-02 8.03345355e-01 2.81958994e+16 4.38717882e+16 2.26510448e+16 3.52441973e+16 6.33235574e-02 1.43434474e+15 2.23178795e+15 6.42688629e-01 6.36516854e-01
8.74999985e-02 7.83581781e-01 2.83656991e+16 4.40277745e+16 2.22268450e+16 3.44993619e+16 6.71504512e-02 1.49254267e+15 2.31664772e+15 6.44268293e-01 6.37234902e-01
9.25000012e-02 7.60866627e-01 2.85768806e+16 4.41923395e+16 2.17431948e+16 3.36244763e+16 7.09799752e-02 1.54333143e+15 2.38666449e+15 6.46647834e-01 6.38054953e-01
9.74999964e-02 7.36130620e-01 2.86512005e+16 4.43620514e+16 2.10910260e+16 3.26562644e+16 7.48105496e-02 1.57783125e+15 2.44303309e+15 6.45849315e-01 6.38693122e-01
1.02499999e-01 7.24001961e-01 2.86488699e+16 4.45334793e+16 2.07418380e+16 3.22423263e+16 7.86441192e-02 1.63122358e+15 2.53566936e+15 6.43310838e-01 6.39054802e-01
1.07500002e-01 7.07955058e-01 2.86356296e+16 4.47031915e+16 2.02727388e+16 3.16478505e+16 8.24650228e-02 1.67179187e+15 2.60984071e+15 6.40572376e-01 6.39168015e-01
1.12499997e-01 6.93377318e-01 2.86173594e+16 4.48677563e+16 1.98426279e+16 3.11102845e+16 8.62875357e-02 1.71217146e+15 2.68442979e+15 6.37815700e-01 6.39071642e-01
1.17500000e-01 6.91303295e-01 2.85986591e+16 4.50237428e+16 1.97703472e+16 3.11250617e+16 9.01125073e-02 1.78155556e+15 2.80475735e+15 6.35190619e-01 6.38802689e-01
1.22500002e-01 6.81024746e-01 2.85775094e+16 4.51677193e+16 1.94619911e+16 3.07603346e+16 9.39324349e-02 1.82811221e+15 2.88939313e+15 6.32697639e-01 6.38395888e-01
1.27499998e-01 6.77405729e-01 2.85587702e+16 4.52962543e+16 1.93458745e+16 3.06839422e+16 9.77387950e-02 1.89084247e+15 2.99901153e+15 6.30488561e-01 6.37884381e-01
1.32499993e-01 6.73078669e-01 2.85393306e+16 4.54059165e+16 1.92092146e+16 3.05617539e+16 1.01557098e-01 1.95083210e+15 3.10376304e+15 6.28537705e-01 6.37297910e-01
1.37500003e-01 6.64341281e-01 2.85216993e+16 4.54932748e+16 1.89481423e+16 3.02230605e+16 1.05366901e-01 1.99650702e+15 3.18451021e+15 6.26943200e-01 6.36671606e-01
1.42499998e-01 6.59584020e-01 2.85056594e+16 4.55548973e+16 1.88018774e+16 3.00472823e+16 1.09164394e-01 2.05249556e+15 3.28009337e+15 6.25743029e-01 6.36030682e-01
1.47499993e-01 6.58728126e-01 2.84901601e+16 4.55873527e+16 1.87672698e+16 3.00296714e+16 1.12990499e-01 2.12052317e+15 3.39306755e+15 6.24957547e-01 6.35397335e-01
1.52500004e-01 6.48495337e-01 2.84773704e+16 4.55834967e+16 1.84674419e+16 2.95606851e+16 1.16775706e-01 2.15654857e+15 3.45196988e+15 6.24729835e-01 6.34810732e-01
1.57499999e-01 6.48782819e-01 2.84660797e+16 4.55205855e+16 1.84683035e+16 2.95329738e+16 1.20592400e-01 2.22713705e+15 3.56145220e+15 6.25345202e-01 6.34302548e-01
1.62499994e-01 6.44101464e-01 2.84556698e+16 4.53990547e+16 1.83283385e+16 2.92415976e+16 1.24380998e-01 2.27969705e+15 3.63709910e+15 6.26789918e-01 6.33912054e-01
1.67500004e-01 6.40681425e-01 2.84480307e+16 4.52233817e+16 1.82261249e+16 2.89737806e+16 1.28168702e-01 2.33601877e+15 3.71353186e+15 6.29055804e-01 6.33667318e-01
1.72499999e-01 6.35466321e-01 2.84413993e+16 4.49980458e+16 1.80735514e+16 2.85947426e+16 1.31963700e-01 2.38505271e+15 3.77346804e+15 6.32058544e-01 6.33588947e-01
1.77499995e-01 6.33068852e-01 2.84365292e+16 4.47275245e+16 1.80022809e+16 2.83156026e+16 1.35736704e-01 2.44357027e+15 3.84346657e+15 6.35772479e-01 6.33692169e-01
1.82500005e-01 6.25202520e-01 2.84344996e+16 4.44162951e+16 1.77773208e+16 2.77691796e+16 1.39537007e-01 2.48059413e+15 3.87482820e+15 6.40181706e-01 6.33987382e-01
1.87500000e-01 6.25142959e-01 2.84323594e+16 4.40688374e+16 1.77742893e+16 2.75493234e+16 1.43303409e-01 2.54711625e+15 3.94791196e+15 6.45180611e-01 6.34483192e-01
1.92499995e-01 6.20059168e-01 2.84326298e+16 4.36896287e+16 1.76299127e+16 2.70901548e+16 1.47068709e-01 2.59280851e+15 3.98411410e+15 6.50786711e-01 6.35180804e-01
1.97500005e-01 6.17920786e-01 2.84346798e+16 4.32831459e+16 1.75703797e+16 2.67455555e+16 1.50853097e-01 2.65054620e+15 4.03464990e+15 6.56945775e-01 6.36084749e-01
2.02500001e-01 6.14969337e-01 2.84369900e+16 4.28538694e+16 1.74878769e+16 2.63538157e+16 1.54623598e-01 2.70403844e+15 4.07492179e+15 6.63580450e-01 6.37191670e-01
2.07499996e-01 6.12571484e-01 2.84417700e+16 4.24062762e+16 1.74226172e+16 2.59768755e+16 1.58403099e-01 2.75979656e+15 4.11481758e+15 6.70697182e-01 6.38500532e-01
2.12500006e-01 6.09682426e-01 2.84469596e+16 4.19448431e+16 1.73436113e+16 2.55730337e+16 1.62122905e-01 2.81179666e+15 4.14597451e+15 6.78199214e-01 6.40003895e-01
2.17500001e-01 6.08121301e-01 2.84525404e+16 4.14740508e+16 1.73025959e+16 2.52212537e+16 1.65897697e-01 2.87046081e+15 4.18414791e+15 6.86032348e-01 6.41698256e-01
2.22499996e-01 6.05051261e-01 2.84596490e+16 4.09983761e+16 1.72195465e+16 2.48061191e+16 1.69655204e-01 2.92138568e+15 4.20848720e+15 6.94165276e-01 6.43571506e-01
2.27500007e-01 6.02992855e-01 2.84664300e+16 4.05222957e+16 1.71650539e+16 2.44346547e+16 1.73390999e-01 2.97626584e+15 4.23674921e+15 7.02488087e-01 6.45615679e-01
2.32500002e-01 6.02716621e-01 2.84570706e+16 4.00502905e+16 1.71515494e+16 2.41389758e+16 1.77138209e-01 3.03819475e+15 4.27593494e+15 7.10533438e-01 6.47811993e-01
2.37499997e-01 5.99670447e-01 2.84120904e+16 3.95868373e+16 1.70378909e+16 2.37390564e+16 1.80867404e-01 3.08159910e+15 4.29362150e+15 7.17715593e-01 6.50108746e-01
2.42500007e-01 5.99912690e-01 2.83335004e+16 3.91364127e+16 1.69976265e+16 2.34784306e+16 1.84582591e-01 3.13746593e+15 4.33370956e+15 7.23967744e-01 6.52479494e-01
2.47500002e-01 5.99280576e-01 2.82184008e+16 3.87034976e+16 1.69107395e+16 2.31942544e+16 1.88315496e-01 3.18455429e+15 4.36783751e+15 7.29091749e-01 6.54880313e-01
2.52499998e-01 5.96703338e-01 2.80644198e+16 3.82869802e+16 1.67461330e+16 2.28459689e+16 1.92038506e-01 3.21590237e+15 4.38730574e+15 7.33001655e-01 6.57264295e-01
2.57499993e-01 5.95977763e-01 2.78749696e+16 3.78568192e+16 1.66128620e+16 2.25618224e+16 1.95746407e-01 3.25190805e+15 4.41639567e+15 7.36326248e-01 6.59620595e-01
2.62499988e-01 5.95022034e-01 2.76477706e+16 3.74093797e+16 1.64510327e+16 2.22594052e+16 1.99495092e-01 3.28190028e+15 4.44064208e+15 7.39059853e-01 6.61931877e-01
2.67500013e-01 5.91717054e-01 2.73808097e+16 3.69465029e+16 1.62016921e+16 2.18618758e+16 2.03140706e-01 3.29122316e+15 4.44103689e+15 7.41093408e-01 6.64170154e-01
2.72500008e-01 5.91722986e-01 2.70772797e+16 3.64700383e+16 1.60222488e+16 2.15801600e+16 2.06866592e-01 3.31446801e+15 4.46421415e+15 7.42452736e-01 6.66333639e-01
2.77500004e-01 5.90913355e-01 2.67357409e+16 3.59818272e+16 1.57985064e+16 2.12621422e+16 2.10559905e-01 3.32653199e+15 4.47695464e+15 7.43034554e-01 6.68402132e-01
2.82499999e-01 5.89313029e-01 2.63772692e+16 3.54837136e+16 1.55444684e+16 2.09110147e+16 2.14253202e-01 3.33045214e+15 4.48025186e+15 7.43362704e-01 6.70372017e-01
2.87499994e-01 5.88556907e-01 2.59816305e+16 3.49775413e+16 1.52916681e+16 2.05862736e+16 2.17893094e-01 3.33194887e+15 4.48560683e+15 7.42808942e-01 6.72228999e-01
2.92499989e-01 5.88473143e-01 2.55503708e+16 3.44651545e+16 1.50357070e+16 2.02818178e+16 2.21575901e-01 3.33155033e+15 4.49396205e+15 7.41339223e-01 6.73959552e-01
2.97500014e-01 5.85769555e-01 2.50838794e+16 3.39483939e+16 1.46933729e+16 1.98859356e+16 2.25277290e-01 3.31008322e+15 4.47984967e+15 7.38882656e-01 6.75540685e-01
3.02500010e-01 5.86453270e-01 2.45929206e+16 3.34291097e+16 1.44225987e+16 1.96046107e+16 2.28930295e-01 3.30176977e+15 4.48808930e+15 7.35673813e-01 6.76972912e-01
3.07500005e-01 5.83571104e-01 2.40910397e+16 3.29091428e+16 1.40588347e+16 1.92048248e+16 2.32581005e-01 3.26981789e+15 4.46667744e+15 7.32047014e-01 6.78248158e-01
3.12500000e-01 5.85068292e-01 2.35559608e+16 3.23903372e+16 1.37818458e+16 1.89505593e+16 2.36181408e-01 3.25501574e+15 4.47576978e+15 7.27252719e-01 6.79359391e-01
3.17499995e-01 5.83506553e-01 2.29890109e+16 3.18745369e+16 1.34142385e+16 1.85990012e+16 2.39869088e-01 3.21766116e+15 4.46132544e+15 7.21234351e-01 6.80284966e-01
3.22499990e-01 5.83090779e-01 2.24224993e+16 3.13635858e+16 1.30743526e+16 1.82878177e+16 2.43506297e-01 3.18368720e+15 4.45319877e+15 7.14921421e-01 6.81032656e-01
3.27499986e-01 5.82525566e-01 2.18292490e+16 3.08593279e+16 1.27160956e+16 1.79763475e+16 2.47077793e-01 3.14186484e+15 4.44155625e+15 7.07379276e-01 6.81587952e-01
3.32500011e-01 5.82041016e-01 2.12091310e+16 3.03636043e+16 1.23445842e+16 1.76728631e+16 2.50708699e-01 3.09489464e+15 4.43074051e+15 6.98505053e-01 6.81936314e-01
3.37500006e-01 5.56504446e-01 2.05991608e+16 2.98782647e+16 1.14635246e+16 1.66273872e+16 2.54339486e-01 2.91562695e+15 4.22900111e+15 6.89436318e-01 6.82080883e-01
3.42500001e-01 5.19831298e-01 1.99624397e+16 2.94051504e+16 1.03771009e+16 1.52857175e+16 2.57922590e-01 2.67648875e+15 3.94253184e+15 6.78875620e-01 6.82024301e-01
3.47499996e-01 4.98590292e-01 1.93217597e+16 2.89461051e+16 9.63364182e+15 1.44322470e+16 2.61542916e-01 2.51961078e+15 3.77465196e+15 6.67508105e-01 6.81783038e-01
3.52499992e-01 4.81500626e-01 1.86778993e+16 2.85007822e+16 8.99342019e+15 1.37231445e+16 2.65070826e-01 2.38389332e+15 3.63760524e+15 6.55346899e-01 6.81366289e-01
3.57499987e-01 4.68159634e-01 1.80216996e+16 2.80574302e+16 8.43703228e+15 1.31353563e+16 2.68721700e-01 2.26721365e+15 3.52975526e+15 6.42314689e-01 6.80777919e-01
3.62500012e-01 4.56259767e-01 1.73765202e+16 2.76145447e+16 7.92820705e+15 1.25994058e+16 2.72249401e-01 2.15844962e+15 3.43018066e+15 6.29252459e-01 6.80034397e-01
3.67500007e-01 4.44396154e-01 1.67183800e+16 2.71727698e+16 7.42958378e+15 1.20754744e+16 2.75765002e-01 2.04881918e+15 3.32999321e+15 6.15262270e-01 6.79139559e-01
3.72500002e-01 4.34650674e-01 1.60813199e+16 2.67327415e+16 6.98975655e+15 1.16194041e+16 2.79350400e-01 1.95259129e+15 3.24588518e+15 6.01558951e-01 6.78108722e-01
3.77499998e-01 4.24626026e-01 1.54336696e+16 2.62950986e+16 6.55353780e+15 1.11655832e+16 2.82902420e-01 1.85401170e+15 3.15877051e+15 5.86940930e-01 6.76944908e-01
3.82499993e-01 4.16516371e-01 1.48103004e+16 2.58604799e+16 6.16873258e+15 1.07713132e+16 2.86407918e-01 1.76677385e+15 3.08498939e+15 5.72700139e-01 6.75661246e-01
3.87499988e-01 4.09114226e-01 1.41844900e+16 2.54295240e+16 5.80307664e+15 1.04035800e+16 2.89985687e-01 1.68280916e+15 3.01688930e+15 5.57796127e-01 6.74258790e-01
3.92500013e-01 4.00839460e-01 1.35835699e+16 2.50028672e+16 5.44483083e+15 1.00221358e+16 2.93511808e-01 1.59812214e+15 2.94161520e+15 5.43280488e-01 6.72756617e-01
3.97500008e-01 3.94498867e-01 1.29878497e+16 2.45811534e+16 5.12369200e+15 9.69723718e+15 2.96907097e-01 1.52126052e+15 2.87917854e+15 5.28366163e-01 6.71153764e-01
4.02500004e-01 3.87738212e-01 1.24144896e+16 2.41650188e+16 4.81357200e+15 9.36970117e+15 3.00488681e-01 1.44642390e+15 2.81548914e+15 5.13738049e-01 6.69463324e-01
4.07499999e-01 3.81212398e-01 1.18573199e+16 2.37551020e+16 4.52015737e+15 9.05573940e+15 3.03960085e-01 1.37394742e+15 2.75258332e+15 4.99148348e-01 6.67693805e-01
4.12499994e-01 3.75427357e-01 1.13185004e+16 2.33520419e+16 4.24927467e+15 8.76699536e+15 3.07442695e-01 1.30640846e+15 2.69534868e+15 4.84689965e-01 6.65850738e-01
4.17499989e-01 3.70167948e-01 1.08055296e+16 2.29564771e+16 3.99986072e+15 8.49775203e+15 3.10841799e-01 1.24332390e+15 2.64145653e+15 4.70696333e-01 6.63943424e-01
4.22500014e-01 3.64739624e-01 1.03068897e+16 2.25690442e+16 3.75933108e+15 8.23182468e+15 3.14280808e-01 1.18148561e+15 2.58710451e+15 4.56682598e-01 6.61978280e-01
4.27500010e-01 3.59800481e-01 9.83976243e+15 2.21903865e+16 3.54035125e+15 7.98411172e+15 3.17831010e-01 1.12523341e+15 2.53759829e+15 4.43424563e-01 6.59964445e-01
4.32500005e-01 3.54484141e-01 9.38014310e+15 2.18211404e+16 3.32511197e+15 7.73524822e+15 3.21211398e-01 1.06806386e+15 2.48464989e+15 4.29864935e-01 6.57907025e-01
4.37500000e-01 3.49881152e-01 8.95447245e+15 2.14619447e+16 3.13300113e+15 7.50912993e+15 3.24625403e-01 1.01705175e+15 2.43765433e+15 4.17225586e-01 6.55814051e-01
4.42499995e-01 3.45445294e-01 8.53621094e+15 2.11134381e+16 2.94879390e+15 7.29353783e+15 3.28031600e-01 9.67297579e+14 2.39251088e+15 4.04302269e-01 6.53685568e-01
4.47499990e-01 3.40680490e-01 8.14577715e+15 2.07762594e+16 2.77510735e+15 7.07806623e+15 3.31423104e-01 9.19734691e+14 2.34583468e+15 3.92071402e-01 6.51532648e-01
4.52499986e-01 3.36588297e-01 7.76470682e+15 2.04505725e+16 2.61350944e+15 6.88342337e+15 3.34843189e-01 8.75115835e+14 2.30486743e+15 3.79681636e-01 6.49352185e-01
4.57500011e-01 3.33156127e-01 7.40647987e+15 2.01337402e+16 2.46751415e+15 6.70767890e+15 3.38259310e-01 8.34659632e+14 2.26893483e+15 3.67864083e-01 6.47147034e-01
4.62500006e-01 3.29202692e-01 7.05928704e+15 1.98248434e+16 2.32393630e+15 6.52639180e+15 3.41479093e-01 7.93575658e+14 2.22862635e+15 3.56082866e-01 6.44924476e-01
4.67500001e-01 3.24615461e-01 6.73216614e+15 1.95233848e+16 2.18536522e+15 6.33759257e+15 3.44900578e-01 7.53733727e+14 2.18583934e+15 3.44825767e-01 6.42693632e-01
4.72499996e-01 3.21700103e-01 6.41591808e+15 1.92288693e+16 2.06400151e+15 6.18592924e+15 3.48307580e-01 7.18907370e+14 2.15460604e+15 3.33660705e-01 6.40445672e-01
4.77499992e-01 3.17786374e-01 6.11672422e+15 1.89408014e+16 1.94381161e+15 6.01912862e+15 3.51579607e-01 6.83404522e+14 2.11620287e+15 3.22939039e-01 6.38193330e-01
4.82499987e-01 3.13902871e-01 5.82906419e+15 1.86586860e+16 1.82975999e+15 5.85701511e+15 3.54875416e-01 6.49336836e+14 2.07851067e+15 3.12404860e-01 6.35939107e-01
4.87500012e-01 3.11046549e-01 5.55701402e+15 1.83820260e+16 1.72849003e+15 5.71766575e+15 3.58142674e-01 6.19046043e+14 2.04774010e+15 3.02306939e-01 6.33680186e-01
4.92500007e-01 3.07608755e-01 5.29470925e+15 1.81103294e+16 1.62869892e+15 5.57089588e+15 3.61445308e-01 5.88685582e+14 2.01357418e+15 2.92358528e-01 6.31422789e-01
4.97500002e-01 3.04236109e-01 5.04754688e+15 1.78430994e+16 1.53564602e+15 5.42851513e+15 3.64756197e-01 5.60136403e+14 1.98008453e+15 2.82885096e-01 6.29170653e-01
5.02499998e-01 3.01836629e-01 4.80857702e+15 1.75798405e+16 1.45140468e+15 5.30623979e+15 3.68044496e-01 5.34181503e+14 1.95293235e+15 2.73527910e-01 6.26918472e-01
5.07499993e-01 2.97842006e-01 4.58459597e+15 1.73200575e+16 1.36548526e+15 5.15864066e+15 3.71278197e-01 5.06974904e+14 1.91529080e+15 2.64698658e-01 6.24682738e-01
5.12499988e-01 2.95944815e-01 4.36623411e+15 1.70632551e+16 1.29216435e+15 5.04978188e+15 3.74429822e-01 4.83824867e+14 1.89078893e+15 2.55885181e-01 6.22449135e-01
5.17499983e-01 2.93882805e-01 4.16341197e+15 1.68089380e+16 1.22355519e+15 4.93985784e+15 3.77652913e-01 4.62079181e+14 1.86555170e+15 2.47690364e-01 6.20223025e-01
5.22499979e-01 2.89674278e-01 3.96408602e+15 1.65566109e+16 1.14829375e+15 4.79602429e+15 3.80915314e-01 4.37402675e+14 1.82687910e+15 2.39426175e-01 6.18020749e-01
5.27499974e-01 2.88788004e-01 3.78098688e+15 1.63057784e+16 1.09190366e+15 4.70891321e+15 3.84140700e-01 4.19444635e+14 1.80888522e+15 2.31880183e-01 6.15822155e-01
5.32500029e-01 2.85693882e-01 3.60073293e+15 1.60559424e+16 1.02870737e+15 4.58708451e+15 3.87309492e-01 3.98428127e+14 1.77662137e+15 2.24261699e-01 6.13644643e-01
5.37500024e-01 2.82302664e-01 3.43261491e+15 1.58066135e+16 9.69036333e+14 4.46224908e+15 3.90382409e-01 3.78294738e+14 1.74198355e+15 2.17163210e-01 6.11494477e-01
5.42500019e-01 2.81102097e-01 3.27015706e+15 1.55572933e+16 9.19248007e+14 4.37318777e+15 3.93558413e-01 3.61777786e+14 1.72110484e+15 2.10200900e-01 6.09355757e-01
5.47500014e-01 2.77737523e-01 3.11579699e+15 1.53074866e+16 8.65373737e+14 4.25146341e+15 3.96669805e-01 3.43267632e+14 1.68642716e+15 2.03547262e-01 6.07247561e-01
5.52500010e-01 2.74916955e-01 2.96892800e+15 1.50570839e+16 8.16208645e+14 4.13944766e+15 3.99794012e-01 3.26315329e+14 1.65492639e+15 1.97178153e-01 6.05167625e-01
5.57500005e-01 2.74807792e-01 2.82636595e+15 1.48080908e+16 7.76707387e+14 4.06937875e+15 4.02926326e-01 3.12955854e+14 1.63965983e+15 1.90866330e-01 6.03096020e-01
5.62500000e-01 2.70108497e-01 2.69377408e+15 1.45608731e+16 7.27611268e+14 3.93301555e+15 4.06058699e-01 2.95452885e+14 1.59703518e+15 1.85000862e-01 6.01069661e-01
5.67499995e-01 2.69687947e-01 2.56330394e+15 1.43154313e+16 6.91292175e+14 3.86069928e+15 4.09012318e-01 2.82747015e+14 1.57907356e+15 1.79058799e-01 5.99056972e-01
5.72499990e-01 2.67888042e-01 2.44189312e+15 1.40717661e+16 6.54153966e+14 3.76965787e+15 4.12048906e-01 2.69543426e+14 1.55328340e+15 1.73531389e-01 5.97069988e-01
5.77499986e-01 2.64141668e-01 2.32379802e+15 1.38298782e+16 6.13811884e+14 3.65304709e+15 4.15162891e-01 2.54831916e+14 1.51660959e+15 1.68027367e-01 5.95122761e-01
5.82499981e-01 2.63921238e-01 2.21104998e+15 1.35897680e+16 5.83543050e+14 3.58662841e+15 4.18176502e-01 2.44023991e+14 1.49984372e+15 1.62699612e-01 5.93190560e-01
5.87499976e-01 2.61689053e-01 2.10451802e+15 1.33514363e+16 5.50729326e+14 3.49392472e+15 4.21171188e-01 2.31951325e+14 1.47154043e+15 1.57624840e-01 5.91289378e-01
5.92499971e-01 2.58105534e-01 1.99998899e+15 1.31148837e+16 5.16208226e+14 3.38502405e+15 4.24153894e-01 2.18951729e+14 1.43577113e+15 1.52497654e-01 5.89428595e-01
5.97500026e-01 2.59052051e-01 1.90368896e+15 1.28801080e+16 4.93154529e+14 3.33661838e+15 4.26993400e-01 2.10573729e+14 1.42471402e+15 1.47800699e-01 5.87577995e-01
6.02500021e-01 2.54708122e-01 1.80957094e+15 1.26471153e+16 4.60912417e+14 3.22132300e+15 4.30114806e-01 1.98245255e+14 1.38553872e+15 1.43081714e-01 5.85773943e-01
6.07500017e-01 2.54250125e-01 1.72023706e+15 1.24159036e+16 4.37370486e+14 3.15674505e+15 4.32974607e-01 1.89370314e+14 1.36679044e+15 1.38551096e-01 5.83990527e-01
6.12500012e-01 2.52602816e-01 1.63561894e+15 1.21864735e+16 4.13161951e+14 3.07833752e+15 4.35743093e-01 1.80032467e+14 1.34136432e+15 1.34215936e-01 5.82237163e-01
6.17500007e-01 2.49661238e-01 1.55284698e+15 1.19588255e+16 3.87685699e+14 2.98565518e+15 4.38792318e-01 1.70113506e+14 1.31008256e+15 1.29849455e-01 5.80521272e-01
6.22500002e-01 2.49542637e-01 1.47651200e+15 1.17329603e+16 3.68452699e+14 2.92787386e+15 4.41585004e-01 1.62703187e+14 1.29290519e+15 1.25843092e-01 5.78825653e-01
6.27499998e-01 2.47790789e-01 1.40233395e+15 1.15088785e+16 3.47485436e+14 2.85179408e+15 4.44588602e-01 1.54488064e+14 1.26787514e+15 1.21848011e-01 5.77160541e-01
6.32499993e-01 2.44963906e-01 1.33149696e+15 1.12865807e+16 3.26168696e+14 2.76480490e+15 4.47285801e-01 1.45890627e+14 1.23665798e+15 1.17971686e-01 5.75534347e-01
6.37499988e-01 2.45256492e-01 1.26491597e+15 1.10660676e+16 3.10228852e+14 2.71402492e+15 4.50068176e-01 1.39624134e+14 1.22149624e+15 1.14305823e-01 5.73926580e-01
6.42499983e-01 2.41938047e-01 1.19981005e+15 1.08473398e+16 2.90279700e+14 2.62438419e+15 4.53025311e-01 1.31504051e+14 1.18891247e+15 1.10608691e-01 5.72359927e-01
6.47499979e-01 2.41968182e-01 1.13925005e+15 1.06303978e+16 2.75662263e+14 2.57221803e+15 4.55633819e-01 1.25601050e+14 1.17198952e+15 1.07169089e-01 5.70814482e-01
6.52499974e-01 2.39644311e-01 1.08105805e+15 1.04153796e+16 2.59069411e+14 2.49598646e+15 4.58364010e-01 1.18748094e+14 1.14407036e+15 1.03794397e-01 5.69304816e-01
6.57500029e-01 2.38110618e-01 1.02496397e+15 1.02030288e+16 2.44054804e+14 2.42944950e+15 4.61261183e-01 1.12573008e+14 1.12061075e+15 1.00456834e-01 5.67825005e-01
6.62500024e-01 2.37327347e-01 9.73270592e+14 9.99328787e+15 2.30983727e+14 2.37168049e+15 4.63795692e-01 1.07129257e+14 1.09997519e+15 9.73924303e-02 5.66372035e-01
6.67500019e-01 2.35055433e-01 9.23115392e+14 9.78594555e+15 2.16983288e+14 2.30023967e+15 4.66443598e-01 1.01210466e+14 1.07293207e+15 9.43307304e-02 5.64954213e-01
6.72500014e-01 2.34364328e-01 8.76284672e+14 9.58079323e+15 2.05369868e+14 2.24539616e+15 4.69385803e-01 9.63977003e+13 1.05395708e+15 9.14626431e-02 5.63561295e-01
6.77500010e-01 2.32589848e-01 8.32132672e+14 9.37762224e+15 1.93545612e+14 2.18113974e+15 4.71995801e-01 9.13527161e+13 1.02948880e+15 8.87359984e-02 5.62200792e-01
6.82500005e-01 2.31000579e-01 7.89196096e+14 9.17622394e+15 1.82304755e+14 2.11971304e+15 4.74223107e-01 8.64531274e+13 1.00521691e+15 8.60044503e-02 5.60872246e-01
6.87500000e-01 2.30804992e-01 7.50004800e+14 8.97638969e+15 1.73104852e+14 2.07179555e+15 4.77119893e-01 8.25917683e+13 9.88494870e+14 8.35530571e-02 5.59566303e-01
6.92499995e-01 2.28204437e-01 7.11994624e+14 8.77791082e+15 1.62480332e+14 2.00315819e+15 4.79810089e-01 7.79597025e+13 9.61135510e+14 8.11120822e-02 5.58296863e-01
6.97499990e-01 2.27868736e-01 6.75879616e+14 8.58057869e+15 1.54011834e+14 1.95524562e+15 4.82139915e-01 7.42552526e+13 9.42701959e+14 7.87685354e-02 5.57052214e-01
7.02499986e-01 2.26967470e-01 6.42354304e+14 8.38418465e+15 1.45793531e+14 1.90293718e+15 4.84985799e-01 7.07077922e+13 9.22897507e+14 7.66149996e-02 5.55834497e-01
7.07499981e-01 2.24849436e-01 6.09601600e+14 8.18852006e+15 1.37068576e+14 1.84118412e+15 4.87196416e-01 6.67793190e+13 8.97018304e+14 7.44458822e-02 5.54651497e-01
7.12499976e-01 2.25064381e-01 5.79256320e+14 7.99337626e+15 1.30369965e+14 1.79902428e+15 4.89548177e-01 6.38223788e+13 8.80709056e+14 7.24670404e-02 5.53490886e-01
7.17499971e-01 2.22759481e-01 5.50194176e+14 7.79854460e+15 1.22560969e+14 1.73719975e+15 4.92317587e-01 6.03389206e+13 8.55253988e+14 7.05508789e-02 5.52364686e-01
7.22500026e-01 2.22119445e-01 5.22236896e+14 7.60381411e+15 1.15998970e+14 1.68895497e+15 4.94748175e-01 5.73902786e+13 8.35607391e+14 6.86809130e-02 5.51265168e-01
7.27500021e-01 2.21390320e-01 4.96444704e+14 7.40898079e+15 1.09908052e+14 1.64027663e+15 4.96966302e-01 5.46205981e+13 8.15162211e+14 6.70058025e-02 5.50193652e-01
7.32500017e-01 2.19840493e-01 4.71189408e+14 7.21383366e+15 1.03586512e+14 1.58589275e+15 4.99601692e-01 5.17519966e+13 7.92314701e+14 6.53174761e-02 5.49153079e-01
7.37500012e-01 2.18549168e-01 4.47623712e+14 7.01816408e+15 9.78277898e+13 1.53381392e+15 5.01727164e-01 4.90828595e+13 7.69556108e+14 6.37807420e-02 5.48143467e-01
7.42500007e-01 2.17674222e-01 4.25032288e+14 6.82176338e+15 9.25185726e+13 1.48492204e+15 5.04099190e-01 4.66385375e+13 7.48547996e+14 6.23053402e-02 5.47162458e-01
7.47500002e-01 2.16762200e-01 4.03280096e+14 6.62442293e+15 8.74158808e+13 1.43592449e+15 5.06382167e-01 4.42658432e+13 7.27126554e+14 6.08777700e-02 5.46210515e-01
7.52499998e-01 2.14951173e-01 3.83107712e+14 6.42551099e+15 8.23494520e+13 1.38117112e+15 5.08967519e-01 4.19131962e+13 7.02971239e+14 5.96229175e-02 5.45291362e-01
7.57499993e-01 2.15151368e-01 3.63178816e+14 6.22263603e+15 7.81384190e+13 1.33880865e+15 5.11035383e-01 3.99314968e+13 6.84178592e+14 5.83641425e-02 5.44397799e-01
7.62499988e-01 2.12734089e-01 3.44822208e+14 6.01607522e+15 7.33554383e+13 1.27982428e+15 5.13310909e-01 3.76541467e+13 6.56947766e+14 5.73168046e-02 5.43541039e-01
7.67499983e-01 2.13500176e-01 3.26873600e+14 5.80656835e+15 6.97875711e+13 1.23970336e+15 5.15338600e-01 3.59642292e+13 6.38866995e+14 5.62937660e-02 5.42708998e-01
7.72499979e-01 2.11244231e-01 3.09948608e+14 5.59485520e+15 6.54748553e+13 1.18188088e+15 5.17666578e-01 3.38941443e+13 6.11820233e+14 5.53988615e-02 5.41913380e-01
7.77499974e-01 2.10621958e-01 2.93772416e+14 5.38167555e+15 6.18749214e+13 1.13349904e+15 5.20096481e-01 3.21809289e+13 5.89528862e+14 5.45875375e-02 5.41147929e-01
7.82500029e-01 2.10539401e-01 2.78112384e+14 5.16776663e+15 5.85536146e+13 1.08801849e+15 5.21743834e-01 3.05499874e+13 5.67666937e+14 5.38167460e-02 5.40411970e-01
7.87500024e-01 2.07952023e-01 2.63412192e+14 4.95387333e+15 5.47770983e+13 1.03016798e+15 5.24064600e-01 2.87067381e+13 5.39874572e+14 5.31729768e-02 5.39713178e-01
7.92500019e-01 2.08946083e-01 2.48964096e+14 4.74073289e+15 5.20200727e+13 9.90557570e+14 5.26176810e-01 2.73717559e+13 5.21208422e+14 5.25159509e-02 5.39039538e-01
7.97500014e-01 2.07231271e-01 2.35538592e+14 4.52908509e+15 4.88109618e+13 9.38568061e+14 5.28135180e-01 2.57787861e+13 4.95690813e+14 5.20057776e-02 5.38399934e-01
8.02500010e-01 2.06042066e-01 2.22273504e+14 4.31966971e+15 4.57976920e+13 8.90033673e+14 5.30210197e-01 2.42824033e+13 4.71904929e+14 5.14561341e-02 5.37791894e-01
8.07500005e-01 2.05932655e-01 2.09968192e+14 4.11322654e+15 4.32393073e+13 8.47047663e+14 5.32026827e-01 2.30044715e+13 4.50652081e+14 5.10470770e-02 5.37212167e-01
8.12500000e-01 2.04281844e-01 1.97256800e+14 3.91049535e+15 4.02959828e+13 7.98843200e+14 5.34217477e-01 2.15268183e+13 4.26755999e+14 5.04429190e-02 5.36663771e-01
8.17499995e-01 2.03775857e-01 1.84436800e+14 3.71221593e+15 3.75837669e+13 7.56459981e+14 5.35954595e-01 2.01431926e+13 4.05428202e+14 4.96837478e-02 5.36143113e-01
8.22499990e-01 2.02527584e-01 1.71971696e+14 3.51912806e+15 3.48290120e+13 7.12720501e+14 5.38073361e-01 1.87405636e+13 3.83495916e+14 4.88677005e-02 5.35650821e-01
8.27499986e-01 2.02662548e-01 1.60260400e+14 3.33197152e+15 3.24787810e+13 6.75265838e+14 5.39642096e-01 1.75269175e+13 3.64401872e+14 4.80977701e-02 5.35183222e-01
8.32499981e-01 2.00843865e-01 1.49039104e+14 3.15148609e+15 2.99335897e+13 6.32956647e+14 5.41815162e-01 1.62184727e+13 3.42945508e+14 4.72916902e-02 5.34743247e-01
8.37499976e-01 2.01666921e-01 1.38314400e+14 2.97841157e+15 2.78934392e+13 6.00647091e+14 5.43536186e-01 1.51610936e+13 3.26473429e+14 4.64389816e-02 5.34324410e-01
8.42499971e-01 2.00707715e-01 1.28275104e+14 2.81348772e+15 2.57458030e+13 5.64688690e+14 5.44980645e-01 1.40309643e+13 3.07744407e+14 4.55929141e-02 5.33929574e-01
8.47500026e-01 2.00646537e-01 1.18542704e+14 2.65745253e+15 2.37851831e+13 5.33208647e+14 5.47124624e-01 1.30134593e+13 2.91731581e+14 4.46076469e-02 5.33555118e-01
8.52500021e-01 1.99443751e-01 1.09516600e+14 2.50957717e+15 2.18424015e+13 5.00519485e+14 5.48596501e-01 1.19826650e+13 2.74583239e+14 4.36394629e-02 5.33202499e-01
8.57500017e-01 2.00741356e-01 1.00890896e+14 2.36175658e+15 2.02529753e+13 4.74102217e+14 5.50498128e-01 1.11492250e+13 2.60992383e+14 4.27185837e-02 5.32867174e-01
8.62500012e-01 1.98270776e-01 9.26040160e+13 2.21323486e+15 1.83606701e+13 4.38819793e+14 5.52091837e-01 1.01367761e+13 2.42268826e+14 4.18410254e-02 5.32555758e-01
8.67500007e-01 1.99185079e-01 8.49760320e+13 2.06472741e+15 1.69259577e+13 4.11262892e+14 5.53543210e-01 9.36924893e+12 2.27651781e+14 4.11560537e-02 5.32263084e-01
8.72500002e-01 1.97896734e-01 7.76779360e+13 1.91694960e+15 1.53722098e+13 3.79358064e+14 5.55447519e-01 8.53845580e+12 2.10713496e+14 4.05216371e-02 5.31992146e-01
8.77499998e-01 1.97038555e-01 7.07008480e+13 1.77061682e+15 1.39307929e+13 3.48879780e+14 5.56665838e-01 7.75479652e+12 1.94209455e+14 3.99300669e-02 5.31742394e-01
8.82499993e-01 1.96317380e-01 6.41570080e+13 1.62644445e+15 1.25951357e+13 3.19299313e+14 5.58548391e-01 7.03499279e+12 1.78344118e+14 3.94461723e-02 5.31513042e-01
8.87499988e-01 1.94837488e-01 5.79749000e+13 1.48514787e+15 1.12956839e+13 2.89362480e+14 5.59772193e-01 6.32300973e+12 1.61977070e+14 3.90364496e-02 5.31304750e-01
8.92499983e-01 1.94512968e-01 5.20272880e+13 1.34744247e+15 1.01199822e+13 2.62095034e+14 5.61320126e-01 5.68054969e+12 1.47119218e+14 3.86118808e-02 5.31115554e-01
8.97499979e-01 1.93227558e-01 4.62996720e+13 1.21404362e+15 8.94637255e+12 2.34586685e+14 5.62540829e-01 5.03269983e+12 1.31964588e+14 3.81367449e-02 5.30945807e-01
9.02499974e-01 1.91369252e-01 4.09169800e+13 1.08566672e+15 7.83025184e+12 2.07763227e+14 5.64329147e-01 4.41883934e+12 1.17246845e+14 3.76883433e-02 5.30794952e-01
9.07500029e-01 1.91221237e-01 3.58789520e+13 9.63025708e+14 6.86081759e+12 1.84150967e+14 5.65533876e-01 3.88002477e+12 1.04143610e+14 3.72564841e-02 5.30660916e-01
9.12500024e-01 1.88245462e-01 3.12022100e+13 8.46838908e+14 5.87367445e+12 1.59413582e+14 5.66575289e-01 3.32787880e+12 9.03197961e+13 3.68455083e-02 5.30544635e-01
9.17500019e-01 1.87477228e-01 2.68885300e+13 7.37820202e+14 5.04098706e+12 1.38324486e+14 5.67900181e-01 2.86277746e+12 7.85545006e+13 3.64432011e-02 5.30443462e-01
9.22500014e-01 1.86103420e-01 2.29390100e+13 6.36684973e+14 4.26902821e+12 1.18489251e+14 5.68885803e-01 2.42858954e+12 6.74068527e+13 3.60288227e-02 5.30356607e-01
9.27500010e-01 1.85305103e-01 1.93857100e+13 5.44148603e+14 3.59227098e+12 1.00833513e+14 5.70537686e-01 2.04952597e+12 5.75293191e+13 3.56257645e-02 5.30282444e-01
9.32500005e-01 1.85301210e-01 1.60855000e+13 4.60926475e+14 2.98066262e+12 8.54102336e+13 5.71246386e-01 1.70269275e+12 4.87902872e+13 3.48981907e-02 5.30219471e-01
9.37500000e-01 1.84748783e-01 1.30241400e+13 3.87733970e+14 2.40619401e+12 7.16333789e+13 5.72108686e-01 1.37660449e+12 4.09820783e+13 3.35904022e-02 5.30166448e-01
9.42499995e-01 1.85855226e-01 1.02431700e+13 3.25286470e+14 1.90374667e+12 6.04561904e+13 5.73037505e-01 1.09091824e+12 3.46436645e+13 3.14896897e-02 5.30121446e-01
9.47499990e-01 1.85852408e-01 7.78714800e+12 2.74299359e+14 1.44726021e+12 5.09791963e+13 5.74756622e-01 8.31822387e+11 2.93006307e+13 2.83892315e-02 5.30083154e-01
9.52499986e-01 1.87339574e-01 5.67866200e+12 2.33963332e+14 1.06383812e+12 4.38305909e+13 5.74383676e-01 6.11051251e+11 2.51755759e+13 2.42715898e-02 5.30049988e-01
9.57499981e-01 1.90666834e-01 3.93597300e+12 1.95843343e+14 7.50459511e+11 3.73408303e+13 5.75308502e-01 4.31745737e+11 2.14824971e+13 2.00975582e-02 5.30021456e-01
9.62499976e-01 1.94971776e-01 2.56983400e+12 1.59124378e+14 5.01045098e+11 3.10247625e+13 5.77330351e-01 2.89268542e+11 1.79115370e+13 1.61498448e-02 5.29997486e-01
9.67499971e-01 2.01279715e-01 1.63977900e+12 1.24515886e+14 3.30054249e+11 2.50625221e+13 5.79314649e-01 1.91205262e+11 1.45190862e+13 1.31692352e-02 5.29977944e-01
9.72500026e-01 2.11240225e-01 1.15591700e+12 9.27269616e+13 2.44176167e+11 1.95876642e+13 5.82357883e-01 1.42197916e+11 1.14070307e+13 1.24658134e-02 5.29962572e-01
9.77500021e-01 2.22961784e-01 9.14932625e+11 6.44678196e+13 2.03995010e+11 1.43738600e+13 5.87240994e-01 1.19794232e+11 8.44091986e+12 1.41920827e-02 5.29951235e-01
9.82500017e-01 2.38398858e-01 7.22604125e+11 4.04475150e+13 1.72267998e+11 9.64264139e+12 5.56258142e-01 9.58254767e+10 5.36379779e+12 1.78652292e-02 5.29944082e-01
9.87500012e-01 2.23530791e-01 5.75589812e+11 2.13754993e+13 1.28662046e+11 4.77808227e+12 5.09120703e-01 6.55045114e+10 2.43262060e+12 2.69275494e-02 5.29940896e-01
9.92500007e-01 1.71193124e-01 4.60028312e+11 7.96122408e+12 7.87536841e+10 1.36290682e+12 4.80053306e-01 3.78059664e+10 6.54267926e+11 5.77836157e-02 5.29940092e-01
9.97500002e-01 7.68715178e-02 3.64411500e+11 9.14140935e+11 2.80128651e+10 7.02714012e+10 4.63385105e-01 1.29807444e+10 3.25627206e+10 3.98638203e-01 5.29940080e-01
