# pulse 104614  TRANSP M29  channel total (THNTX)  t_JET = 53.529 s
# equilibrium: TRANSP CDF (PSIRZ + boundary moments)  t_EQ = 53.529 s
# LOS R in [2.600, 3.160] m  (w_tor = 0.400 m)
# Rate_LOS = 5.5845e+15 n/s   Rate_tor = 2.5608e+17 n/s   rho_bnd = 0.35850230655631143
# real LOS (_KM3.los): Rate_det = 1.8247e+08 n/s   Rate_chord = 1.8573e+15 n/s   rho_50 = 0.2520
#     rhot           THNTX [n/m3/s]   THKM14 [n/m3/s]  f               DVOL [m3]       f_det           THKM14_det [n/m3/s]
2.49999994e-03 2.72839601e+16 2.72839601e+16 1.00000000e+00 1.91790692e-03 6.85775634e-10 1.87106751e+07
7.49999983e-03 2.72628697e+16 2.72628697e+16 1.00000000e+00 5.75413462e-03 6.85775634e-10 1.86962118e+07
1.25000002e-02 2.72325515e+16 2.72325515e+16 1.00000000e+00 9.59060807e-03 6.85775634e-10 1.86754203e+07
1.75000001e-02 2.72392903e+16 2.72392903e+16 1.00000000e+00 1.34264808e-02 6.85775634e-10 1.86800416e+07
2.25000009e-02 2.72588496e+16 2.72588496e+16 1.00000000e+00 1.72607116e-02 6.85775634e-10 1.86934549e+07
2.74999999e-02 2.72887490e+16 2.72887490e+16 1.00000000e+00 2.10942104e-02 6.85775634e-10 1.87139592e+07
3.24999988e-02 2.73287201e+16 2.73287201e+16 1.00000000e+00 2.49277595e-02 6.85775634e-10 1.87413704e+07
3.75000015e-02 2.73783098e+16 2.73783098e+16 1.00000000e+00 2.87605189e-02 6.85775634e-10 1.87753778e+07
4.25000004e-02 2.74373592e+16 2.74373592e+16 1.00000000e+00 3.25945094e-02 6.85775634e-10 1.88158724e+07
4.74999994e-02 2.75060701e+16 2.75060701e+16 1.00000000e+00 3.64288203e-02 6.85775634e-10 1.88629926e+07
5.24999984e-02 2.75848999e+16 2.75848999e+16 1.00000000e+00 4.02636789e-02 6.85775634e-10 1.89170522e+07
5.75000010e-02 2.76760305e+16 2.76760305e+16 1.00000000e+00 4.40989509e-02 6.85775634e-10 1.89795474e+07
6.25000000e-02 2.77785385e+16 2.77785385e+16 1.00000000e+00 4.79308702e-02 6.85775634e-10 1.90498449e+07
6.75000027e-02 2.78855798e+16 2.78855798e+16 1.00000000e+00 5.17657399e-02 6.85775634e-10 1.91232512e+07
7.24999979e-02 2.79941802e+16 2.79941802e+16 1.00000000e+00 5.55952899e-02 6.85775634e-10 1.91977267e+07
7.75000006e-02 2.81187493e+16 2.81187493e+16 1.00000000e+00 5.94257191e-02 6.85775634e-10 1.92831531e+07
8.25000033e-02 2.82578697e+16 2.82578697e+16 1.00000000e+00 6.32546023e-02 6.85775634e-10 1.93785585e+07
8.74999985e-02 2.84336499e+16 2.84336499e+16 1.00000000e+00 6.70777559e-02 6.85775634e-10 1.94991043e+07
9.25000012e-02 2.86467404e+16 2.86467404e+16 1.00000000e+00 7.09034279e-02 6.85775634e-10 1.96452365e+07
9.74999964e-02 2.87196303e+16 2.87196303e+16 1.00000000e+00 7.47298002e-02 6.85775634e-10 1.96952227e+07
1.02499999e-01 2.87209596e+16 2.87209596e+16 1.00000000e+00 7.85587803e-02 6.85775634e-10 1.96961342e+07
1.07500002e-01 2.87100117e+16 2.87100117e+16 1.00000000e+00 8.23760256e-02 6.85775634e-10 1.96886265e+07
1.12499997e-01 2.86928683e+16 2.86928683e+16 1.00000000e+00 8.61949399e-02 6.85775634e-10 1.96768700e+07
1.17500000e-01 2.86739211e+16 2.86739211e+16 1.00000000e+00 9.00148302e-02 6.85775634e-10 1.96638764e+07
1.22500002e-01 2.86516688e+16 2.86516688e+16 1.00000000e+00 9.38305482e-02 7.07417427e-10 2.02686898e+07
1.27499998e-01 2.86309392e+16 2.86075923e+16 9.99184557e-01 9.76336524e-02 7.07417427e-10 2.02540253e+07
1.32499993e-01 2.86085903e+16 2.68555461e+16 9.38723153e-01 1.01447895e-01 7.06078813e-10 2.01999195e+07
1.37500003e-01 2.85873603e+16 2.59023114e+16 9.06075662e-01 1.05253205e-01 7.06078813e-10 2.01849294e+07
1.42499998e-01 2.85669184e+16 2.49194588e+16 8.72318757e-01 1.09047398e-01 7.05324346e-10 2.01489430e+07
1.47499993e-01 2.85461887e+16 2.41753138e+16 8.46884114e-01 1.12867497e-01 7.18123374e-10 2.04996854e+07
1.52500004e-01 2.85283195e+16 2.33796605e+16 8.19524630e-01 1.16650902e-01 6.94757023e-10 1.98202504e+07
1.57499999e-01 2.85116400e+16 2.31304111e+16 8.11262036e-01 1.20462000e-01 7.10432956e-10 2.02556087e+07
1.62499994e-01 2.84965991e+16 2.31280052e+16 8.11605804e-01 1.24247603e-01 6.94491570e-10 1.97906478e+07
1.67500004e-01 2.84845087e+16 2.26646833e+16 7.95684542e-01 1.28030896e-01 7.05883978e-10 2.01067583e+07
1.72499999e-01 2.84738508e+16 2.21642246e+16 7.78406291e-01 1.31822005e-01 6.88858741e-10 1.96144610e+07
1.77499995e-01 2.84654992e+16 2.19245808e+16 7.70215925e-01 1.35591790e-01 6.83701319e-10 1.94618993e+07
1.82500005e-01 2.84599007e+16 2.15971583e+16 7.58862743e-01 1.39387086e-01 6.76389394e-10 1.92499750e+07
1.87500000e-01 2.84547510e+16 2.14436536e+16 7.53605386e-01 1.43149704e-01 6.69997582e-10 1.90646144e+07
1.92499995e-01 2.84524790e+16 2.12220527e+16 7.45877106e-01 1.46912798e-01 6.68595442e-10 1.90231978e+07
1.97500005e-01 2.84519894e+16 2.10044451e+16 7.38241704e-01 1.50690302e-01 6.57807239e-10 1.87159246e+07
2.02500001e-01 2.84522707e+16 2.08003986e+16 7.31062866e-01 1.54458702e-01 6.47812466e-10 1.84317357e+07
2.07499996e-01 2.84555198e+16 2.04746830e+16 7.19532909e-01 1.58232093e-01 6.36388092e-10 1.81087540e+07
2.12500006e-01 2.84601004e+16 2.03292191e+16 7.14305952e-01 1.61951199e-01 6.34016197e-10 1.80441646e+07
2.17500001e-01 2.84649494e+16 2.02130966e+16 7.10104778e-01 1.65718406e-01 6.23009922e-10 1.77339459e+07
2.22499996e-01 2.84723196e+16 2.02463931e+16 7.11090399e-01 1.69475496e-01 6.15323120e-10 1.75196765e+07
2.27500007e-01 2.84793097e+16 2.01302165e+16 7.06836532e-01 1.73205912e-01 6.05553024e-10 1.72457321e+07
2.32500002e-01 2.84705801e+16 1.98507747e+16 6.97238153e-01 1.76949203e-01 6.00468907e-10 1.70956981e+07
2.37499997e-01 2.84265310e+16 1.96079353e+16 6.89775876e-01 1.80673793e-01 5.89815215e-10 1.67664005e+07
2.42500007e-01 2.83494599e+16 1.95452750e+16 6.89440824e-01 1.84386909e-01 5.81332508e-10 1.64804626e+07
2.47500002e-01 2.82360105e+16 1.95584945e+16 6.92679106e-01 1.88115090e-01 5.73250424e-10 1.61863050e+07
2.52499998e-01 2.80841705e+16 1.93872288e+16 6.90325848e-01 1.91835493e-01 5.67078401e-10 1.59259265e+07
2.57499993e-01 2.78965900e+16 1.90148986e+16 6.81620892e-01 1.95540100e-01 5.50190287e-10 1.53484328e+07
2.62499988e-01 2.76709302e+16 1.86522515e+16 6.74073888e-01 1.99281499e-01 5.47490499e-10 1.51495714e+07
2.67500013e-01 2.74058191e+16 1.83759387e+16 6.70512296e-01 2.02927798e-01 5.33328153e-10 1.46162949e+07
2.72500008e-01 2.71036102e+16 1.82187734e+16 6.72189915e-01 2.06647098e-01 5.24689004e-10 1.42209662e+07
2.77500004e-01 2.67625898e+16 1.80507375e+16 6.74476487e-01 2.10337803e-01 5.17669839e-10 1.38541855e+07
2.82499999e-01 2.64043186e+16 1.76949242e+16 6.70152652e-01 2.14023292e-01 5.08535835e-10 1.34275422e+07
2.87499994e-01 2.60096004e+16 1.72851579e+16 6.64568375e-01 2.17664912e-01 4.93099998e-10 1.28253339e+07
2.92499989e-01 2.55784200e+16 1.68592409e+16 6.59119714e-01 2.21343204e-01 4.92547915e-10 1.25985975e+07
2.97500014e-01 2.51116000e+16 1.65219397e+16 6.57940542e-01 2.25038290e-01 4.76609555e-10 1.19684285e+07
3.02500010e-01 2.46198113e+16 1.62285656e+16 6.59166938e-01 2.28691697e-01 4.66461087e-10 1.14841839e+07
3.07500005e-01 2.41175213e+16 1.58812006e+16 6.58492241e-01 2.32336000e-01 4.61735739e-10 1.11359215e+07
3.12500000e-01 2.35820999e+16 1.54182682e+16 6.53812352e-01 2.35933796e-01 4.50448911e-10 1.06225312e+07
3.17499995e-01 2.30148400e+16 1.49346124e+16 6.48912287e-01 2.39619300e-01 4.39882977e-10 1.01238363e+07
3.22499990e-01 2.24470990e+16 1.45097122e+16 6.46395875e-01 2.43251503e-01 4.36133597e-10 9.78993402e+06
3.27499986e-01 2.18533605e+16 1.41805484e+16 6.48895552e-01 2.46820495e-01 4.25491934e-10 9.29842864e+06
3.32500011e-01 2.12320291e+16 1.37832392e+16 6.49172019e-01 2.50447989e-01 4.13480347e-10 8.77902676e+06
3.37500006e-01 2.06212096e+16 1.33584850e+16 6.47803173e-01 2.54071712e-01 4.10349530e-10 8.46190366e+06
3.42500001e-01 1.99841306e+16 1.28594034e+16 6.43480749e-01 2.57655412e-01 4.01519733e-10 8.02402280e+06
3.47499996e-01 1.93423616e+16 1.23826189e+16 6.40181334e-01 2.61272192e-01 3.89265749e-10 7.52931888e+06
3.52499992e-01 1.86977300e+16 1.19437166e+16 6.38778968e-01 2.64798105e-01 3.86393475e-10 7.22468085e+06
3.57499987e-01 1.80399901e+16 1.15444275e+16 6.39935358e-01 2.68438816e-01 3.78197063e-10 6.82267126e+06
3.62500012e-01 1.73939894e+16 1.11247416e+16 6.39573896e-01 2.71968991e-01 3.66048335e-10 6.36704086e+06
3.67500007e-01 1.67347205e+16 1.06674607e+16 6.37444806e-01 2.75484413e-01 3.65723127e-10 6.12027432e+06
3.72500002e-01 1.60964701e+16 1.01816360e+16 6.32538433e-01 2.79060900e-01 3.56695621e-10 5.74154040e+06
3.77499998e-01 1.54476799e+16 9.75072902e+15 6.31209935e-01 2.82612085e-01 3.46046851e-10 5.34562098e+06
3.82499993e-01 1.48232797e+16 9.38858786e+15 6.33367788e-01 2.86115319e-01 3.45731730e-10 5.12487813e+06
3.87499988e-01 1.41962896e+16 8.98789776e+15 6.33115976e-01 2.89688319e-01 3.38035845e-10 4.79885476e+06
3.92500013e-01 1.35939108e+16 8.60424523e+15 6.32948484e-01 2.93206602e-01 3.30073237e-10 4.48698614e+06
3.97500008e-01 1.29972690e+16 8.19793055e+15 6.30742548e-01 2.96608984e-01 3.28763954e-10 4.27303354e+06
4.02500004e-01 1.24227194e+16 7.80160488e+15 6.28011037e-01 3.00176680e-01 3.22605282e-10 4.00763490e+06
4.07499999e-01 1.18645100e+16 7.43326397e+15 6.26512513e-01 3.03647816e-01 3.16488130e-10 3.75497658e+06
4.12499994e-01 1.13247303e+16 7.11501380e+15 6.28272250e-01 3.07136506e-01 3.14274890e-10 3.55907837e+06
4.17499989e-01 1.08107902e+16 6.78661103e+15 6.27762714e-01 3.10528696e-01 3.08708912e-10 3.33738729e+06
4.22500014e-01 1.03112308e+16 6.47497258e+15 6.27953415e-01 3.13964188e-01 3.04559220e-10 3.14038041e+06
4.27500010e-01 9.84304928e+15 6.14947629e+15 6.24753175e-01 3.17510098e-01 3.01694524e-10 2.96959406e+06
4.32500005e-01 9.38236250e+15 5.84740802e+15 6.23234076e-01 3.20886701e-01 2.97155973e-10 2.78802506e+06
4.37500000e-01 8.95555710e+15 5.36866743e+15 5.99478890e-01 3.24294984e-01 2.93236221e-10 2.62609372e+06
4.42499995e-01 8.53633286e+15 4.86182952e+15 5.69545448e-01 3.27705592e-01 2.89997715e-10 2.47551702e+06
4.47499990e-01 8.14484874e+15 4.50090112e+15 5.52607084e-01 3.31089586e-01 2.85886583e-10 2.32850298e+06
4.52499986e-01 7.76286992e+15 4.16532400e+15 5.36570114e-01 3.34503591e-01 2.83644424e-10 2.20189477e+06
4.57500011e-01 7.40412204e+15 3.86548623e+15 5.22072193e-01 3.37925106e-01 2.79950361e-10 2.07278664e+06
4.62500006e-01 7.05681219e+15 3.61226217e+15 5.11882997e-01 3.41148674e-01 2.76645877e-10 1.95223800e+06
4.67500001e-01 6.72987069e+15 3.39399897e+15 5.04318600e-01 3.44551414e-01 2.75681107e-10 1.85529820e+06
4.72499996e-01 6.41412617e+15 3.17727642e+15 4.95356083e-01 3.47954005e-01 2.70943590e-10 1.73786637e+06
4.77499992e-01 6.11569091e+15 2.98271777e+15 4.87715585e-01 3.51238400e-01 2.67443336e-10 1.63560078e+06
4.82499987e-01 5.82879568e+15 2.79050991e+15 4.78745535e-01 3.54527503e-01 2.67443336e-10 1.55887256e+06
4.87500012e-01 5.55768875e+15 2.60848773e+15 4.69347573e-01 3.57786089e-01 2.62419573e-10 1.45844631e+06
4.92500007e-01 5.29645596e+15 2.46112004e+15 4.64672992e-01 3.61093819e-01 2.58461236e-10 1.36892855e+06
4.97500002e-01 5.05051164e+15 2.31468991e+15 4.58308005e-01 3.64400893e-01 2.58461236e-10 1.30536148e+06
5.02499998e-01 4.81264776e+15 2.18153942e+15 4.53292975e-01 3.67680013e-01 2.56136781e-10 1.23269610e+06
5.07499993e-01 4.58954300e+15 2.04917593e+15 4.46488012e-01 3.70916605e-01 2.51068283e-10 1.15228868e+06
5.12499988e-01 4.37169716e+15 1.91991262e+15 4.39168713e-01 3.74071002e-01 2.51068283e-10 1.09759450e+06
5.17499983e-01 4.16916878e+15 1.81089788e+15 4.34354657e-01 3.77293408e-01 2.49924404e-10 1.04197702e+06
5.22499979e-01 3.96988605e+15 1.71138797e+15 4.31092468e-01 3.80548507e-01 2.44351057e-10 9.70045854e+05
5.27499974e-01 3.78658893e+15 1.61445754e+15 4.26361977e-01 3.83769602e-01 2.44351057e-10 9.25257008e+05
5.32500029e-01 3.60605696e+15 1.52304790e+15 4.22358248e-01 3.86936009e-01 2.44351057e-10 8.81143830e+05
5.37500024e-01 3.43750607e+15 1.43399755e+15 4.17162186e-01 3.90015393e-01 2.39921932e-10 8.24733098e+05
5.42500019e-01 3.27445998e+15 1.34286551e+15 4.10102892e-01 3.93189013e-01 2.37820052e-10 7.78732242e+05
5.47500014e-01 3.11938294e+15 1.27721950e+15 4.09446203e-01 3.96284103e-01 2.37820052e-10 7.41851812e+05
5.52500010e-01 2.97174908e+15 1.20107045e+15 4.04162809e-01 3.99412900e-01 2.35622528e-10 7.00211030e+05
5.57500005e-01 2.82848507e+15 1.13409745e+15 4.00955782e-01 4.02552903e-01 2.31382327e-10 6.54461458e+05
5.62500000e-01 2.69509198e+15 1.06938092e+15 3.96788284e-01 4.05666590e-01 2.31382327e-10 6.23596654e+05
5.67499995e-01 2.56387777e+15 1.00603972e+15 3.92389891e-01 4.08630908e-01 2.31262627e-10 5.92929110e+05
5.72499990e-01 2.44190688e+15 9.50602268e+14 3.89286863e-01 4.11677986e-01 2.25357118e-10 5.50301097e+05
5.77499986e-01 2.32310083e+15 8.96988123e+14 3.86116741e-01 4.14768696e-01 2.25357118e-10 5.23527310e+05
5.82499981e-01 2.20987905e+15 8.47123080e+14 3.83334589e-01 4.17787701e-01 2.25357118e-10 4.98011976e+05
5.87499976e-01 2.10275693e+15 7.99387136e+14 3.80161456e-01 4.20788825e-01 2.20564967e-10 4.63794513e+05
5.92499971e-01 1.99766606e+15 7.50684398e+14 3.75780723e-01 4.23758000e-01 2.19976203e-10 4.39438995e+05
5.97500026e-01 1.90104607e+15 7.10441331e+14 3.73710738e-01 4.26599801e-01 2.19976203e-10 4.18184897e+05
6.02500021e-01 1.80648391e+15 6.69891433e+14 3.70826127e-01 4.29710597e-01 2.17014197e-10 3.92032656e+05
6.07500017e-01 1.71697800e+15 6.30376546e+14 3.67143053e-01 4.32585686e-01 2.14874496e-10 3.68934783e+05
6.12500012e-01 1.63207791e+15 5.98450127e+14 3.66679877e-01 4.35365915e-01 2.14874496e-10 3.50691918e+05
6.17500007e-01 1.54904398e+15 5.60037033e+14 3.61537207e-01 4.38392997e-01 2.14656463e-10 3.32512302e+05
6.22500002e-01 1.47273395e+15 5.30947018e+14 3.60517945e-01 4.41189677e-01 2.12418878e-10 3.12836494e+05
6.27499998e-01 1.39840605e+15 5.00991683e+14 3.58259092e-01 4.44174200e-01 2.11345901e-10 2.95547388e+05
6.32499993e-01 1.32768203e+15 4.69434837e+14 3.53574745e-01 4.46886599e-01 2.11345901e-10 2.80600156e+05
6.37499988e-01 1.26105810e+15 4.45434206e+14 3.53222589e-01 4.49670196e-01 2.08437373e-10 2.62851638e+05
6.42499983e-01 1.19593203e+15 4.17525046e+14 3.49121049e-01 4.52624321e-01 2.06307325e-10 2.46729539e+05
6.47499979e-01 1.13557607e+15 3.93539878e+14 3.46555277e-01 4.55230683e-01 2.05916458e-10 2.33833801e+05
6.52499974e-01 1.07745496e+15 3.72469417e+14 3.45693725e-01 4.57975894e-01 2.04250407e-10 2.20070613e+05
6.57500029e-01 1.02158703e+15 3.50027378e+14 3.42630993e-01 4.60847825e-01 2.03582935e-10 2.07977685e+05
6.62500024e-01 9.69994272e+14 3.29286359e+14 3.39472478e-01 4.63386506e-01 2.01133839e-10 1.95098671e+05
6.67500019e-01 9.19968506e+14 3.11474014e+14 3.38570301e-01 4.66051817e-01 2.00844843e-10 1.84770930e+05
6.72500014e-01 8.73370527e+14 2.93254140e+14 3.35772884e-01 4.68959808e-01 2.00348951e-10 1.74978869e+05
6.77500010e-01 8.29326577e+14 2.78180194e+14 3.35429012e-01 4.71590579e-01 1.97663547e-10 1.63927632e+05
6.82500005e-01 7.86509511e+14 2.61787479e+14 3.32847188e-01 4.73839819e-01 1.97647246e-10 1.55451439e+05
6.87500000e-01 7.47538655e+14 2.45814030e+14 3.28831196e-01 4.76700485e-01 1.97118673e-10 1.47353828e+05
6.92499995e-01 7.09631878e+14 2.33749096e+14 3.29394865e-01 4.79410499e-01 1.96119006e-10 1.39172298e+05
6.97499990e-01 6.73729038e+14 2.20742817e+14 3.27643317e-01 4.81734395e-01 1.94253651e-10 1.30874326e+05
7.02499986e-01 6.40283792e+14 2.08306323e+14 3.25334369e-01 4.84552920e-01 1.94253651e-10 1.24377465e+05
7.07499981e-01 6.07614258e+14 1.96166238e+14 3.22846666e-01 4.86794591e-01 1.94253651e-10 1.18031288e+05
7.12499976e-01 5.77447079e+14 1.85536626e+14 3.21304986e-01 4.89161402e-01 1.92381848e-10 1.11090336e+05
7.17499971e-01 5.48421119e+14 1.75555194e+14 3.20110199e-01 4.91902083e-01 1.90373011e-10 1.04404580e+05
7.22500026e-01 5.20595503e+14 1.65720036e+14 3.18327829e-01 4.94326591e-01 1.90373011e-10 9.91073332e+04
7.27500021e-01 4.94830799e+14 1.57285733e+14 3.17857606e-01 4.96563315e-01 1.90373011e-10 9.42024291e+04
7.32500017e-01 4.69577398e+14 1.47939381e+14 3.15047917e-01 4.99173582e-01 1.87033239e-10 8.78265817e+04
7.37500012e-01 4.46114998e+14 1.39032632e+14 3.11652002e-01 5.01340806e-01 1.85610760e-10 8.28037439e+04
7.42500007e-01 4.23513001e+14 1.31454555e+14 3.10390837e-01 5.03696024e-01 1.85610760e-10 7.86085700e+04
7.47500002e-01 4.01840999e+14 1.25502230e+14 3.12318133e-01 5.05976021e-01 1.85304359e-10 7.44628888e+04
7.52499998e-01 3.81646096e+14 1.18469393e+14 3.10416885e-01 5.08553088e-01 1.85595830e-10 7.08319241e+04
7.57499993e-01 3.61704496e+14 1.10794804e+14 3.06313040e-01 5.10622680e-01 1.82596831e-10 6.60460947e+04
7.62499988e-01 3.43434678e+14 1.04297921e+14 3.03690711e-01 5.12884796e-01 1.82596831e-10 6.27100839e+04
7.67499983e-01 3.25502317e+14 9.85837257e+13 3.02866433e-01 5.14958978e-01 1.82596831e-10 5.94356916e+04
7.72499979e-01 3.08667019e+14 9.44976021e+13 3.06147390e-01 5.17241120e-01 1.78643293e-10 5.51412927e+04
7.77499974e-01 2.92504688e+14 8.84007087e+13 3.02219802e-01 5.19652426e-01 1.79271261e-10 5.24376842e+04
7.82500029e-01 2.76952997e+14 8.31430359e+13 3.00206305e-01 5.21350801e-01 1.79271261e-10 4.96497130e+04
7.87500024e-01 2.62278000e+14 7.81094887e+13 2.97811821e-01 5.23659706e-01 1.79271261e-10 4.70189077e+04
7.92500019e-01 2.47937506e+14 7.32351902e+13 2.95377618e-01 5.25772512e-01 1.78396812e-10 4.42312608e+04
7.97500014e-01 2.34542493e+14 6.98197616e+13 2.97684912e-01 5.27716160e-01 1.76081292e-10 4.12985452e+04
8.02500010e-01 2.21383502e+14 6.56645351e+13 2.96609885e-01 5.29799163e-01 1.76071950e-10 3.89794249e+04
8.07500005e-01 2.09107697e+14 6.18029768e+13 2.95555724e-01 5.31620383e-01 1.75708060e-10 3.67419078e+04
8.12500000e-01 1.96409794e+14 5.72649464e+13 2.91558508e-01 5.33782125e-01 1.75388236e-10 3.44479672e+04
8.17499995e-01 1.83616395e+14 5.34444667e+13 2.91065875e-01 5.35582364e-01 1.74135942e-10 3.19742139e+04
8.22499990e-01 1.71232310e+14 5.00405192e+13 2.92237599e-01 5.37625134e-01 1.73367192e-10 2.96860647e+04
8.27499986e-01 1.59541694e+14 4.63202472e+13 2.90333179e-01 5.39251149e-01 1.73367192e-10 2.76592954e+04
8.32499981e-01 1.48393905e+14 4.27461688e+13 2.88058790e-01 5.41383803e-01 1.72130075e-10 2.55430540e+04
8.37499976e-01 1.37678306e+14 3.96978461e+13 2.88337701e-01 5.43106973e-01 1.72536808e-10 2.37545754e+04
8.42499971e-01 1.27709502e+14 3.69293656e+13 2.89166938e-01 5.44603109e-01 1.69903827e-10 2.16983331e+04
8.47500026e-01 1.18033293e+14 3.39006135e+13 2.87212299e-01 5.46682596e-01 1.70362547e-10 2.01084524e+04
8.52500021e-01 1.09014097e+14 3.10962932e+13 2.85250204e-01 5.48187852e-01 1.70362547e-10 1.85719191e+04
8.57500017e-01 1.00440495e+14 2.86353747e+13 2.85097907e-01 5.50063312e-01 1.70362547e-10 1.71112984e+04
8.62500012e-01 9.22026215e+13 2.63407964e+13 2.85683812e-01 5.51690817e-01 1.70532482e-10 1.57235419e+04
8.67500007e-01 8.45756739e+13 2.40685222e+13 2.84579727e-01 5.53120315e-01 1.68140790e-10 1.42206206e+04
8.72500002e-01 7.73200649e+13 2.19244807e+13 2.83554867e-01 5.55031359e-01 1.69427249e-10 1.31001259e+04
8.77499998e-01 7.03797920e+13 1.99700909e+13 2.83747512e-01 5.56258857e-01 1.68118808e-10 1.18321667e+04
8.82499993e-01 6.38366484e+13 1.81676830e+13 2.84596442e-01 5.58115125e-01 1.69427249e-10 1.08156677e+04
8.87499988e-01 5.76881594e+13 1.63883601e+13 2.84085336e-01 5.59371173e-01 1.68118808e-10 9.69846457e+03
8.92499983e-01 5.17688892e+13 1.46305834e+13 2.82613431e-01 5.60914695e-01 1.69271386e-10 8.76299160e+03
8.97499979e-01 4.60688720e+13 1.29562851e+13 2.81237299e-01 5.62137008e-01 1.67348028e-10 7.70953490e+03
9.02499974e-01 4.07086815e+13 1.16208238e+13 2.85463036e-01 5.63882887e-01 1.68270980e-10 6.85008972e+03
9.07500029e-01 3.56933005e+13 1.01495327e+13 2.84353999e-01 5.65096498e-01 1.67244527e-10 5.96950916e+03
9.12500024e-01 3.10382103e+13 8.69696277e+12 2.80201812e-01 5.66177487e-01 1.66976720e-10 5.18265856e+03
9.17500019e-01 2.67432808e+13 7.54795269e+12 2.82237350e-01 5.67514122e-01 1.66901711e-10 4.46349933e+03
9.22500014e-01 2.28218896e+13 6.53172707e+12 2.86204481e-01 5.68446100e-01 1.65551958e-10 3.77820852e+03
9.27500010e-01 1.92835999e+13 5.36828877e+12 2.78386234e-01 5.70106983e-01 1.64459008e-10 3.17136172e+03
9.32500005e-01 1.59957396e+13 4.36292764e+12 2.72755606e-01 5.70832849e-01 1.61393068e-10 2.58160149e+03
9.37500000e-01 1.29444505e+13 3.54540443e+12 2.73893776e-01 5.71695685e-01 1.60550214e-10 2.07823430e+03
9.42499995e-01 1.01811004e+13 2.77774721e+12 2.72833691e-01 5.72612643e-01 1.56420334e-10 1.59253113e+03
9.47499990e-01 7.73537608e+12 2.03782718e+12 2.63442547e-01 5.74309111e-01 1.54746845e-10 1.19702504e+03
9.52499986e-01 5.64006381e+12 1.46625476e+12 2.59971306e-01 5.74016213e-01 1.51652835e-10 8.55331665e+02
9.57499981e-01 3.91125402e+12 1.01041849e+12 2.58336199e-01 5.74899375e-01 1.49484490e-10 5.84671814e+02
9.62499976e-01 2.55398196e+12 6.70212489e+11 2.62418646e-01 5.76861620e-01 1.49432751e-10 3.81648550e+02
9.67499971e-01 1.63303994e+12 4.29458067e+11 2.62980749e-01 5.78849494e-01 1.49367011e-10 2.43922294e+02
9.72500026e-01 1.15404597e+12 2.80981469e+11 2.43475110e-01 5.81881642e-01 1.49432751e-10 1.72452263e+02
9.77500021e-01 9.13858167e+11 2.41797563e+11 2.64589814e-01 5.86777806e-01 1.52476377e-10 1.39341783e+02
9.82500017e-01 7.21950015e+11 2.03356382e+11 2.81676539e-01 5.57891786e-01 1.52808194e-10 1.10319878e+02
9.87500012e-01 5.75327109e+11 1.76074003e+11 3.06041555e-01 5.11362016e-01 1.55817080e-10 8.96457902e+01
9.92500007e-01 4.60459606e+11 1.68654125e+11 3.66273441e-01 4.82280821e-01 1.79796642e-10 8.27890910e+01
9.97500002e-01 3.64888588e+11 1.23205960e+11 3.37653640e-01 4.65504676e-01 2.23207139e-10 8.14457377e+01
