# 104614M30  idx 1  channel total (DD+DT+TT+TD)  TH=THNTX  BT=BTN[DD+DT]  t = 12.329 s
# (TH/BT)_LOS = 0.505615  [cum (TH/BT)(rhot=1) must match this]
#   rhot          f             TH[n/m3/s]    BT[n/m3/s]    THKM14        BTKM14        DVOL[m3]      TH*f*DVOL[n/s] BT*f*DVOL[n/s] TH/BT_local   TH/BT_cum
2.49999994e-03 2.59501160e-01 2.81521398e+16 4.88028360e+16 7.30551292e+15 1.26643925e+16 1.92002300e-03 1.40267528e+13 2.43159250e+13 5.76854586e-01 5.76854586e-01
7.49999983e-03 1.00000000e+00 2.81492500e+16 4.88028360e+16 2.81492500e+16 4.88028360e+16 5.76050766e-03 1.62153970e+14 2.81129111e+14 5.76795374e-01 5.76800087e-01
1.25000002e-02 1.00000000e+00 2.81374802e+16 4.88028360e+16 2.81374802e+16 4.88028360e+16 9.60124563e-03 2.70154859e+14 4.68568017e+14 5.76554202e-01 5.76651235e-01
1.75000001e-02 9.17162552e-01 2.81660600e+16 4.88028360e+16 2.58328555e+16 4.47601337e+16 1.34413699e-02 3.47228966e+14 6.01637512e+14 5.77139820e-01 5.76864916e-01
2.25000009e-02 1.00000000e+00 2.82083410e+16 4.88028360e+16 2.82083410e+16 4.88028360e+16 1.72797702e-02 4.87433651e+14 8.43301793e+14 5.78006183e-01 5.77298649e-01
2.74999999e-02 1.00000000e+00 2.82615501e+16 4.88028360e+16 2.82615501e+16 4.88028360e+16 2.11175606e-02 5.96814995e+14 1.03059685e+15 5.79096470e-01 5.77868829e-01
3.24999988e-02 1.00000000e+00 2.83252593e+16 4.88028360e+16 2.83252593e+16 4.88028360e+16 2.49552298e-02 7.06863355e+14 1.21788599e+15 5.80401910e-01 5.78559383e-01
3.75000015e-02 1.00000000e+00 2.83991204e+16 4.88028360e+16 2.83991204e+16 4.88028360e+16 2.87921987e-02 8.17673118e+14 1.40514095e+15 5.81915370e-01 5.79362375e-01
4.25000004e-02 9.83015335e-01 2.84830208e+16 4.88028360e+16 2.79992462e+16 4.79739362e+16 3.26303579e-02 9.13625425e+14 1.56540671e+15 5.83634541e-01 5.80261500e-01
4.74999994e-02 9.92707872e-01 2.85770895e+16 4.88028360e+16 2.83687017e+16 4.84469595e+16 3.64687704e-02 1.03457167e+15 1.76680104e+15 5.85562067e-01 5.81278911e-01
5.24999984e-02 1.00000000e+00 2.86810092e+16 4.88067534e+16 2.86810092e+16 4.88067534e+16 4.03079502e-02 1.15607269e+15 1.96730019e+15 5.87644273e-01 5.82399792e-01
5.75000010e-02 9.91254437e-01 2.87944110e+16 4.88368976e+16 2.85425877e+16 4.84097914e+16 4.41471413e-02 1.26007365e+15 2.13715390e+15 5.89603608e-01 5.83556557e-01
6.25000000e-02 1.00000000e+00 2.89166807e+16 4.88941315e+16 2.89166807e+16 4.88941315e+16 4.79831807e-02 1.38751432e+15 2.34609595e+15 5.91414139e-01 5.84734088e-01
6.75000027e-02 9.43566529e-01 2.90413896e+16 4.89752684e+16 2.74024832e+16 4.62114240e+16 5.18221222e-02 1.42005483e+15 2.39477406e+15 5.92980713e-01 5.85828198e-01
7.24999979e-02 8.66482014e-01 2.91652301e+16 4.90771209e+16 2.52711473e+16 4.25244425e+16 5.56556731e-02 1.40648271e+15 2.36672647e+15 5.94273453e-01 5.86807175e-01
7.75000006e-02 8.26912179e-01 2.93044490e+16 4.91965022e+16 2.42322058e+16 4.06811869e+16 5.94903380e-02 1.44158211e+15 2.42013756e+15 5.95661230e-01 5.87745480e-01
8.25000033e-02 8.03380548e-01 2.94568899e+16 4.93302253e+16 2.36650923e+16 3.96309434e+16 6.33235574e-02 1.49855783e+15 2.50957232e+15 5.97136739e-01 5.88675312e-01
8.74999985e-02 7.75771379e-01 2.96460308e+16 4.94751028e+16 2.29985422e+16 3.83813688e+16 6.71504512e-02 1.54436249e+15 2.57732623e+15 5.99211101e-01 5.89647748e-01
9.25000012e-02 7.53627931e-01 2.98807603e+16 4.96279482e+16 2.25189756e+16 3.74010079e+16 7.09799752e-02 1.59839633e+15 2.65472261e+15 6.02095421e-01 5.90728410e-01
9.74999964e-02 7.44647823e-01 2.99639890e+16 4.97855738e+16 2.23126192e+16 3.70727191e+16 7.48105496e-02 1.66921930e+15 2.77343050e+15 6.01860874e-01 5.91654144e-01
1.02499999e-01 7.26002061e-01 2.99698504e+16 4.99447933e+16 2.17581731e+16 3.62600229e+16 7.86441192e-02 1.71115236e+15 2.85163756e+15 6.00059554e-01 5.92316209e-01
1.07500002e-01 7.09993387e-01 2.99639992e+16 5.01024192e+16 2.12742413e+16 3.55723863e+16 8.24650228e-02 1.75438079e+15 2.93347765e+15 5.98054939e-01 5.92746349e-01
1.12499997e-01 7.12536242e-01 2.99515802e+16 5.02552643e+16 2.13415864e+16 3.58086971e+16 8.62875357e-02 1.84151290e+15 3.08984423e+15 5.95988910e-01 5.92983614e-01
1.17500000e-01 6.91595207e-01 2.99381391e+16 5.04001420e+16 2.07050735e+16 3.48564966e+16 9.01125073e-02 1.86578609e+15 3.14100631e+15 5.94009023e-01 5.93054608e-01
1.22500002e-01 6.81596842e-01 2.99211694e+16 5.05338651e+16 2.03941746e+16 3.44437228e+16 9.39324349e-02 1.91567448e+15 3.23538275e+15 5.92101344e-01 5.92991152e-01
1.27499998e-01 6.86260683e-01 2.99057807e+16 5.06532463e+16 2.05231615e+16 3.47613314e+16 9.77387950e-02 2.00590908e+15 3.39753064e+15 5.90402056e-01 5.92821990e-01
1.32499993e-01 6.69399785e-01 2.98890301e+16 5.07550988e+16 2.00077103e+16 3.39754522e+16 1.01557098e-01 2.03192501e+15 3.45044834e+15 5.88887242e-01 5.92577152e-01
1.37500003e-01 6.61694173e-01 2.98738299e+16 5.08362357e+16 1.97673392e+16 3.36380410e+16 1.05366901e-01 2.08282326e+15 3.54433612e+15 5.87648347e-01 5.92281039e-01
1.42499998e-01 6.63729620e-01 2.98591191e+16 5.08934697e+16 1.98183818e+16 3.37795033e+16 1.09164394e-01 2.16346165e+15 3.68751902e+15 5.86698437e-01 5.91952627e-01
1.47499993e-01 6.53990979e-01 2.98445210e+16 5.09236138e+16 1.95180475e+16 3.33035840e+16 1.12990499e-01 2.20535392e+15 3.76298856e+15 5.86064475e-01 5.91619168e-01
1.52500004e-01 6.46110108e-01 2.98326508e+16 5.09167118e+16 1.92751772e+16 3.28978022e+16 1.16775706e-01 2.25087243e+15 3.84166409e+15 5.85910788e-01 5.91307170e-01
1.57499999e-01 6.48975090e-01 2.98207007e+16 5.08325367e+16 1.93528919e+16 3.29890501e+16 1.20592400e-01 2.33381169e+15 3.97822873e+15 5.86645928e-01 5.91057480e-01
1.62499994e-01 6.40208015e-01 2.98095206e+16 5.06702667e+16 1.90842940e+16 3.24395109e+16 1.24380998e-01 2.37372355e+15 4.03485875e+15 5.88304001e-01 5.90915593e-01
1.67500004e-01 6.35740574e-01 2.98004500e+16 5.04362457e+16 1.89453552e+16 3.20643678e+16 1.28168702e-01 2.42820159e+15 4.10964841e+15 5.90853851e-01 5.90912514e-01
1.72499999e-01 6.34143286e-01 2.97912504e+16 5.01368198e+16 1.88919214e+16 3.17939277e+16 1.31963700e-01 2.49304786e+15 4.19564434e+15 5.94199044e-01 5.91071730e-01
1.77499995e-01 6.30488280e-01 2.97840701e+16 4.97783330e+16 1.87785072e+16 3.13846556e+16 1.35736704e-01 2.54893267e+15 4.26004970e+15 5.98334021e-01 5.91412206e-01
1.82500005e-01 6.23760165e-01 2.97788293e+16 4.93671285e+16 1.85748475e+16 3.07932483e+16 1.39537007e-01 2.59187862e+15 4.29679769e+15 6.03211696e-01 5.91944975e-01
1.87500000e-01 6.24111224e-01 2.97729208e+16 4.89095536e+16 1.85816140e+16 3.05250013e+16 1.43303409e-01 2.66280864e+15 4.37433675e+15 6.08734259e-01 5.92682808e-01
1.92499995e-01 6.21219265e-01 2.97693000e+16 4.84119515e+16 1.84932626e+16 3.00744369e+16 1.47068709e-01 2.71978027e+15 4.42300862e+15 6.14916338e-01 5.93628736e-01
1.97500005e-01 6.17790332e-01 2.97670799e+16 4.78806654e+16 1.83898142e+16 2.95802122e+16 1.50853097e-01 2.77416043e+15 4.46226663e+15 6.21693113e-01 5.94783760e-01
2.02500001e-01 6.14380053e-01 2.97646694e+16 4.73220431e+16 1.82868192e+16 2.90737193e+16 1.54623598e-01 2.82757378e+15 4.49548309e+15 6.28981073e-01 5.96145218e-01
2.07499996e-01 6.14693736e-01 2.97648394e+16 4.67424275e+16 1.82962604e+16 2.87322774e+16 1.58403099e-01 2.89818433e+15 4.55128177e+15 6.36784202e-01 5.97719751e-01
2.12500006e-01 6.10109826e-01 2.97654292e+16 4.61481616e+16 1.81601809e+16 2.81554469e+16 1.62122905e-01 2.94418128e+15 4.56464284e+15 6.44997075e-01 5.99488142e-01
2.17500001e-01 6.07849364e-01 2.97667707e+16 4.55455936e+16 1.80937126e+16 2.76848601e+16 1.65897697e-01 3.00170526e+15 4.59285454e+15 6.53559837e-01 6.01449363e-01
2.22499996e-01 6.07333484e-01 2.97687695e+16 4.49410662e+16 1.80795705e+16 2.72942143e+16 1.69655204e-01 3.06729322e+15 4.63060549e+15 6.62395712e-01 6.03599475e-01
2.27500007e-01 6.04777626e-01 2.97712701e+16 4.43409223e+16 1.80049981e+16 2.68163977e+16 1.73390999e-01 3.12190461e+15 4.64972200e+15 6.71417476e-01 6.05919696e-01
2.32500002e-01 6.01739601e-01 2.97566597e+16 4.37515102e+16 1.79057605e+16 2.63270163e+16 1.77138209e-01 3.17179436e+15 4.66352053e+15 6.80128744e-01 6.08381625e-01
2.37499997e-01 6.03440436e-01 2.97050296e+16 4.31791727e+16 1.79252160e+16 2.60560588e+16 1.80867404e-01 3.24208728e+15 4.71269171e+15 6.87948095e-01 6.10962594e-01
2.42500007e-01 5.99538142e-01 2.96187310e+16 4.26302528e+16 1.77575590e+16 2.55584626e+16 1.84582591e-01 3.27773625e+15 4.71764724e+15 6.94781970e-01 6.13598776e-01
2.47500002e-01 5.96463935e-01 2.94940201e+16 4.21110983e+16 1.75921193e+16 2.51177514e+16 1.88315496e-01 3.31286867e+15 4.73006182e+15 7.00385914e-01 6.16251819e-01
2.52499998e-01 5.98354558e-01 2.93293302e+16 4.16218246e+16 1.75493384e+16 2.49046085e+16 1.92038506e-01 3.37014873e+15 4.78264381e+15 7.04662289e-01 6.18902597e-01
2.57499993e-01 5.95239580e-01 2.91278008e+16 4.11293784e+16 1.73380199e+16 2.44818339e+16 1.95746407e-01 3.39385511e+15 4.79223103e+15 7.08199393e-01 6.21507070e-01
2.62499988e-01 5.92261493e-01 2.88867492e+16 4.06286865e+16 1.71085092e+16 2.40628065e+16 1.99495092e-01 3.41306362e+15 4.80041181e+15 7.10993922e-01 6.24047326e-01
2.67500013e-01 5.94352946e-01 2.86049608e+16 4.01206747e+16 1.70014427e+16 2.38458412e+16 2.03140706e-01 3.45368507e+15 4.84406100e+15 7.12973075e-01 6.26523672e-01
2.72500008e-01 5.92490425e-01 2.82851799e+16 3.96062776e+16 1.67586983e+16 2.34663403e+16 2.06866592e-01 3.46681480e+15 4.85440184e+15 7.14159007e-01 6.28902896e-01
2.77500004e-01 5.87985410e-01 2.79251804e+16 3.90864212e+16 1.64195987e+16 2.29822454e+16 2.10559905e-01 3.45730913e+15 4.83913939e+15 7.14447104e-01 6.31157041e-01
2.82499999e-01 5.91384247e-01 2.75425198e+16 3.85620341e+16 1.62882123e+16 2.28049795e+16 2.14253202e-01 3.48980165e+15 4.88603988e+15 7.14239289e-01 6.33310241e-01
2.87499994e-01 5.88051062e-01 2.71270298e+16 3.80340451e+16 1.59520787e+16 2.23659606e+16 2.17893094e-01 3.47584777e+15 4.87338836e+15 7.13230204e-01 6.35324067e-01
2.92499989e-01 5.86145590e-01 2.66747699e+16 3.75033831e+16 1.56352987e+16 2.19824426e+16 2.21575901e-01 3.46440540e+15 4.87077952e+15 7.11263031e-01 6.37189573e-01
2.97500014e-01 5.87553890e-01 2.61854208e+16 3.69709736e+16 1.53853458e+16 2.17224393e+16 2.25277290e-01 3.46596901e+15 4.89357226e+15 7.08269712e-01 6.38901634e-01
3.02500010e-01 5.86660916e-01 2.56653107e+16 3.64377517e+16 1.50568347e+16 2.13766047e+16 2.28930295e-01 3.44696560e+15 4.89375242e+15 7.04360438e-01 6.40441270e-01
3.07500005e-01 5.81530368e-01 2.51397100e+16 3.59046430e+16 1.46195048e+16 2.08796402e+16 2.32581005e-01 3.40021911e+15 4.85620770e+15 7.00179918e-01 6.41803783e-01
3.12500000e-01 5.86570057e-01 2.45797396e+16 3.53725763e+16 1.44177393e+16 2.07484941e+16 2.36181408e-01 3.40520197e+15 4.90040855e+15 6.94881239e-01 6.42997904e-01
3.17499995e-01 5.83025342e-01 2.39864402e+16 3.48424804e+16 1.39847025e+16 2.03140490e+16 2.39869088e-01 3.35449783e+15 4.87271241e+15 6.88425162e-01 6.43991900e-01
3.22499990e-01 5.81588168e-01 2.33894810e+16 3.43152840e+16 1.36030454e+16 1.99573631e+16 2.43506297e-01 3.31242721e+15 4.85974360e+15 6.81605345e-01 6.44795201e-01
3.27499986e-01 5.82778977e-01 2.27699794e+16 3.37919159e+16 1.32698653e+16 1.96932182e+16 2.47077793e-01 3.27868903e+15 4.86575688e+15 6.73829192e-01 6.45403042e-01
3.32500011e-01 5.82095951e-01 2.21208392e+16 3.32733018e+16 1.28764509e+16 1.93682543e+16 2.50708699e-01 3.22823826e+15 4.85578984e+15 6.64822484e-01 6.45800462e-01
3.37500006e-01 5.55275938e-01 2.14812795e+16 3.27603767e+16 1.19280376e+16 1.81910489e+16 2.54339486e-01 3.03377096e+15 4.62670204e+15 6.55709172e-01 6.45989982e-01
3.42500001e-01 5.21066462e-01 2.08164700e+16 3.22540663e+16 1.08467644e+16 1.68065122e+16 2.57922590e-01 2.79762556e+15 4.33477915e+15 6.45390564e-01 6.45979430e-01
3.47499996e-01 4.98907079e-01 2.01449103e+16 3.17552992e+16 1.00504384e+16 1.58429436e+16 2.61542916e-01 2.62862096e+15 4.14360966e+15 6.34379485e-01 6.45787457e-01
3.52499992e-01 4.79970879e-01 1.94734797e+16 3.12632782e+16 9.34670316e+15 1.50054631e+16 2.65070826e-01 2.47753833e+15 3.97751050e+15 6.22886684e-01 6.45429343e-01
3.57499987e-01 4.68928790e-01 1.87855708e+16 3.07686417e+16 8.80909499e+15 1.44283019e+16 2.68721700e-01 2.36719498e+15 3.87719782e+15 6.10542740e-01 6.44905541e-01
3.62500012e-01 4.55992017e-01 1.81122703e+16 3.02707588e+16 8.25905068e+15 1.38032244e+16 2.72249401e-01 2.24852160e+15 3.75791957e+15 5.98342130e-01 6.44237647e-01
3.67500007e-01 4.43458288e-01 1.74227210e+16 2.97707410e+16 7.72625004e+15 1.32020819e+16 2.75765002e-01 2.13062936e+15 3.64067213e+15 5.85229673e-01 6.43428898e-01
3.72500002e-01 4.35548080e-01 1.67580498e+16 2.92696908e+16 7.29893641e+15 1.27483576e+16 2.79350400e-01 2.03896081e+15 3.56125880e+15 5.72539352e-01 6.42491068e-01
3.77499998e-01 4.25240851e-01 1.60793395e+16 2.87687137e+16 6.83759203e+15 1.22336323e+16 2.82902420e-01 1.93437133e+15 3.46092418e+15 5.58917569e-01 6.41430227e-01
3.82499993e-01 4.15617761e-01 1.54288497e+16 2.82689152e+16 6.41250395e+15 1.17490633e+16 2.86407918e-01 1.83659190e+15 3.36502474e+15 5.45788529e-01 6.40264227e-01
3.87499988e-01 4.10023901e-01 1.47739597e+16 2.77714009e+16 6.05767658e+15 1.13869381e+16 2.89985687e-01 1.75663950e+15 3.30204907e+15 5.31984675e-01 6.38984174e-01
3.92500013e-01 4.01739136e-01 1.41465498e+16 2.72772733e+16 5.68322268e+15 1.09583482e+16 2.93511808e-01 1.66809296e+15 3.21640459e+15 5.18620377e-01 6.37613947e-01
3.97500008e-01 3.93193398e-01 1.35228303e+16 2.67876438e+16 5.31708762e+15 1.05327247e+16 2.96907097e-01 1.57868105e+15 3.12724072e+15 5.04815968e-01 6.36160170e-01
4.02500004e-01 3.89041682e-01 1.29245399e+16 2.63036150e+16 5.02818474e+15 1.02332026e+16 3.00488681e-01 1.51091260e+15 3.07496156e+15 4.91359834e-01 6.34618098e-01
4.07499999e-01 3.81506146e-01 1.23418296e+16 2.58262924e+16 4.70848386e+15 9.85288929e+15 3.03960085e-01 1.43119115e+15 2.99488507e+15 4.77878490e-01 6.33009036e-01
4.12499994e-01 3.74569580e-01 1.17799803e+16 2.53567816e+16 4.41242227e+15 9.49787903e+15 3.07442695e-01 1.35656699e+15 2.92005352e+15 4.64569222e-01 6.31339776e-01
4.17499989e-01 3.71038799e-01 1.12436797e+16 2.48961879e+16 4.17184142e+15 9.23745166e+15 3.10841799e-01 1.29678269e+15 2.87138609e+15 4.51622544e-01 6.29605341e-01
4.22500014e-01 3.64314277e-01 1.07243704e+16 2.44456144e+16 3.90704126e+15 8.90588633e+15 3.14280808e-01 1.22790808e+15 2.79894915e+15 4.38703248e-01 6.27826177e-01
4.27500010e-01 3.59019455e-01 1.02367201e+16 2.40061718e+16 3.67518168e+15 8.61868271e+15 3.17831010e-01 1.16808670e+15 2.73928463e+15 4.26420348e-01 6.26005737e-01
4.32500005e-01 3.54838834e-01 9.75813120e+15 2.35789630e+16 3.46256390e+15 8.36673174e+15 3.21211398e-01 1.11221499e+15 2.68748960e+15 4.13849040e-01 6.24140920e-01
4.37500000e-01 3.50058328e-01 9.31411558e+15 2.31650935e+16 3.26048373e+15 8.10913391e+15 3.24625403e-01 1.05843584e+15 2.63243086e+15 4.02075458e-01 6.22245316e-01
4.42499995e-01 3.44377545e-01 8.87793562e+15 2.27656688e+16 3.05736167e+15 7.83998513e+15 3.28031600e-01 1.00291124e+15 2.57176286e+15 3.89970341e-01 6.20324277e-01
4.47499990e-01 3.41508508e-01 8.47182592e+15 2.23817944e+16 2.89320063e+15 7.64357320e+15 3.31423104e-01 9.58873532e+14 2.53325676e+15 3.78514152e-01 6.18370240e-01
4.52499986e-01 3.36712914e-01 8.07468288e+15 2.20136073e+16 2.71885000e+15 7.41226586e+15 3.34843189e-01 9.10388404e+14 2.48194673e+15 3.66804167e-01 6.16394187e-01
4.57500011e-01 3.31857795e-01 7.70257408e+15 2.16557981e+16 2.55615925e+15 7.18664541e+15 3.38259310e-01 8.64644664e+14 2.43094971e+15 3.55681839e-01 6.14403682e-01
4.62500006e-01 3.29765985e-01 7.34121318e+15 2.13069712e+16 2.42088240e+15 7.02631433e+15 3.41479093e-01 8.26680725e+14 2.39933944e+15 3.44545132e-01 6.12385347e-01
4.67500001e-01 3.24438274e-01 7.00167117e+15 2.09666262e+16 2.27161011e+15 6.80237600e+15 3.44900578e-01 7.83479639e+14 2.34614342e+15 3.33943626e-01 6.10363773e-01
4.72499996e-01 3.21049193e-01 6.67293184e+15 2.06342650e+16 2.14233938e+15 6.62461412e+15 3.48307580e-01 7.46193046e+14 2.30740331e+15 3.23390819e-01 6.08329191e-01
4.77499992e-01 3.18073110e-01 6.36288614e+15 2.03093893e+16 2.02386298e+15 6.45987062e+15 3.51579607e-01 7.11548951e+14 2.27115877e+15 3.13297758e-01 6.06284601e-01
4.82499987e-01 3.14310655e-01 6.06413107e+15 1.99915011e+16 1.90602101e+15 6.28354181e+15 3.54875416e-01 6.76399997e+14 2.22987451e+15 3.03335454e-01 6.04237234e-01
4.87500012e-01 3.10328311e-01 5.78231603e+15 1.96801003e+16 1.79441637e+15 6.10729229e+15 3.58142674e-01 6.42657076e+14 2.18728199e+15 2.93815373e-01 6.02192988e-01
4.92500007e-01 3.08883621e-01 5.50995610e+15 1.93746925e+16 1.70193519e+15 5.98452517e+15 3.61445308e-01 6.15156488e+14 2.16307854e+15 2.84389344e-01 6.00136681e-01
4.97500002e-01 3.03939488e-01 5.25399808e+15 1.90747776e+16 1.59689749e+15 5.79757813e+15 3.64756197e-01 5.82478254e+14 2.11470255e+15 2.75442168e-01 5.98095683e-01
5.02499998e-01 3.01636129e-01 5.00604877e+15 1.87798574e+16 1.51000517e+15 5.66468347e+15 3.68044496e-01 5.55749091e+14 2.08485557e+15 2.66564792e-01 5.96053779e-01
5.07499993e-01 2.99285127e-01 4.77402214e+15 1.84894337e+16 1.42879382e+15 5.53361251e+15 3.71278197e-01 5.30479994e+14 2.05450967e+15 2.58202724e-01 5.94015607e-01
5.12499988e-01 2.95358422e-01 4.54702797e+15 1.82030084e+16 1.34300301e+15 5.37641185e+15 3.74429822e-01 5.02860376e+14 2.01308893e+15 2.49795411e-01 5.91992835e-01
5.17499983e-01 2.92994406e-01 4.33650790e+15 1.79200834e+16 1.27057256e+15 5.25048419e+15 3.77652913e-01 4.79835428e+14 1.98286065e+15 2.41991502e-01 5.89978633e-01
5.22499979e-01 2.91173950e-01 4.12947994e+15 1.76401604e+16 1.20239698e+15 5.13635518e+15 3.80915314e-01 4.58011424e+14 1.95651635e+15 2.34095373e-01 5.87969202e-01
5.27499974e-01 2.87175195e-01 3.93857690e+15 1.73627413e+16 1.13106159e+15 4.98614861e+15 3.84140700e-01 4.34486790e+14 1.91538262e+15 2.26840730e-01 5.85983997e-01
5.32500029e-01 2.85228073e-01 3.75104000e+15 1.70873246e+16 1.06990191e+15 4.87378465e+15 3.87309492e-01 4.14383165e+14 1.88766306e+15 2.19521786e-01 5.84009323e-01
5.37500024e-01 2.83722540e-01 3.57553510e+15 1.68134187e+16 1.01445990e+15 4.77034585e+15 3.90382409e-01 3.96027300e+14 1.86225910e+15 2.12659613e-01 5.82045682e-01
5.42500019e-01 2.79345338e-01 3.40627098e+15 1.65405221e+16 9.51525918e+14 4.62051775e+15 3.93558413e-01 3.74481030e+14 1.81844363e+15 2.05934912e-01 5.80113634e-01
5.47500014e-01 2.78417869e-01 3.24499891e+15 1.62681368e+16 9.03465683e+14 4.52933997e+15 3.96669805e-01 3.58377556e+14 1.79665240e+15 1.99469611e-01 5.78191486e-01
5.52500010e-01 2.76263474e-01 3.09178112e+15 1.59961544e+16 8.54146194e+14 4.41915318e+15 3.99794012e-01 3.41482534e+14 1.76675098e+15 1.93282776e-01 5.76289596e-01
5.57500005e-01 2.72937503e-01 2.94278912e+15 1.57265869e+16 8.03197514e+14 4.29237535e+15 4.02926326e-01 3.23629423e+14 1.72951103e+15 1.87121920e-01 5.74416254e-01
5.62500000e-01 2.71324035e-01 2.80453811e+15 1.54597613e+16 7.60938596e+14 4.19460483e+15 4.06058699e-01 3.08985736e+14 1.70325578e+15 1.81408888e-01 5.72561940e-01
5.67499995e-01 2.69922758e-01 2.66849306e+15 1.51956340e+16 7.20287006e+14 4.10164743e+15 4.09012318e-01 2.94606258e+14 1.67762432e+15 1.75609196e-01 5.70725728e-01
5.72499990e-01 2.66731927e-01 2.54165811e+15 1.49341608e+16 6.77941366e+14 3.98341749e+15 4.12048906e-01 2.79344998e+14 1.64136282e+15 1.70190890e-01 5.68921161e-01
5.77499986e-01 2.65260882e-01 2.41854106e+15 1.46752980e+16 6.41544335e+14 3.89278249e+15 4.15162891e-01 2.66345401e+14 1.61613884e+15 1.64803540e-01 5.67136349e-01
5.82499981e-01 2.63399637e-01 2.30090496e+15 1.44190016e+16 6.06057531e+14 3.79795979e+15 4.18176502e-01 2.53439018e+14 1.58821754e+15 1.59574499e-01 5.65375069e-01
5.87499976e-01 2.61093336e-01 2.18991104e+15 1.41652278e+16 5.71771179e+14 3.69844658e+15 4.21171188e-01 2.40813547e+14 1.55767914e+15 1.54597658e-01 5.63641374e-01
5.92499971e-01 2.59364320e-01 2.08099405e+15 1.39139327e+16 5.39735606e+14 3.60877768e+15 4.24153894e-01 2.28930959e+14 1.53067711e+15 1.49561889e-01 5.61931130e-01
5.97500026e-01 2.57562914e-01 1.98056896e+15 1.36650693e+16 5.10121112e+14 3.51961507e+15 4.26993400e-01 2.17818348e+14 1.50285241e+15 1.44936620e-01 5.60246984e-01
6.02500021e-01 2.55894090e-01 1.88252403e+15 1.34185999e+16 4.81726774e+14 3.43374040e+15 4.30114806e-01 2.07197818e+14 1.47690259e+15 1.40292136e-01 5.58586758e-01
6.07500017e-01 2.53850651e-01 1.78941798e+15 1.31744774e+16 4.54244921e+14 3.34434967e+15 4.32974607e-01 1.96676516e+14 1.44801848e+15 1.35824590e-01 5.56954447e-01
6.12500012e-01 2.52060587e-01 1.70129395e+15 1.29326580e+16 4.28829152e+14 3.25981337e+15 4.35743093e-01 1.86859341e+14 1.42044116e+15 1.31550216e-01 5.55349296e-01
6.17500007e-01 2.51173541e-01 1.61509005e+15 1.26930979e+16 4.05667886e+14 3.18817033e+15 4.38792318e-01 1.78003952e+14 1.39894465e+15 1.27241598e-01 5.53764280e-01
6.22500002e-01 2.48804143e-01 1.53558195e+15 1.24557530e+16 3.82059151e+14 3.09904295e+15 4.41585004e-01 1.68711592e+14 1.36849089e+15 1.23282948e-01 5.52210798e-01
6.27499998e-01 2.47100990e-01 1.45835904e+15 1.22205796e+16 3.60361963e+14 3.01971732e+15 4.44588602e-01 1.60212821e+14 1.34253190e+15 1.19336324e-01 5.50683719e-01
6.32499993e-01 2.46323943e-01 1.38460403e+15 1.19875337e+16 3.41061124e+14 2.95281656e+15 4.47285801e-01 1.52551798e+14 1.32075292e+15 1.15503661e-01 5.49178633e-01
6.37499988e-01 2.43742670e-01 1.31528896e+15 1.17565714e+16 3.20592043e+14 2.86557812e+15 4.50068176e-01 1.44288276e+14 1.28970552e+15 1.11876916e-01 5.47706734e-01
6.42499983e-01 2.42644683e-01 1.24752205e+15 1.15276490e+16 3.02704592e+14 2.79712272e+15 4.53025311e-01 1.37132842e+14 1.26716739e+15 1.08219989e-01 5.46258122e-01
6.47499979e-01 2.41340264e-01 1.18445798e+15 1.13007223e+16 2.85857402e+14 2.72731930e+15 4.55633819e-01 1.30246300e+14 1.24265891e+15 1.04812591e-01 5.44835794e-01
6.52499974e-01 2.39688763e-01 1.12386701e+15 1.10759648e+16 2.69378293e+14 2.65478430e+15 4.58364010e-01 1.23473314e+14 1.21685758e+15 1.01468994e-01 5.43441335e-01
6.57500029e-01 2.38136345e-01 1.06544998e+15 1.08545454e+16 2.53722365e+14 2.58486176e+15 4.61261183e-01 1.17032278e+14 1.19229639e+15 9.81570345e-02 5.42073328e-01
6.62500024e-01 2.37199549e-01 1.01162099e+15 1.06364186e+16 2.39956043e+14 2.52295368e+15 4.63795692e-01 1.11290579e+14 1.17013505e+15 9.51091748e-02 5.40729736e-01
6.67500019e-01 2.35014087e-01 9.59406272e+14 1.04213042e+16 2.25473989e+14 2.44915328e+15 4.66443598e-01 1.05170899e+14 1.14239187e+15 9.20620160e-02 5.39416852e-01
6.72500014e-01 2.34543832e-01 9.10662400e+14 1.02089247e+16 2.13590249e+14 2.39444032e+15 4.69385803e-01 1.00256231e+14 1.12391629e+15 8.92025780e-02 5.38124469e-01
6.77500010e-01 2.32510388e-01 8.64725184e+14 9.99900248e+15 2.01057588e+14 2.32487194e+15 4.71995801e-01 9.48983371e+13 1.09732979e+15 8.64811450e-02 5.36862191e-01
6.82500005e-01 2.31814203e-01 8.20064512e+14 9.79126003e+15 1.90102601e+14 2.26975314e+15 4.74223107e-01 9.01510461e+13 1.07636938e+15 8.37547476e-02 5.35623406e-01
6.87500000e-01 2.30668396e-01 7.79286784e+14 9.58541975e+15 1.79756832e+14 2.21105340e+15 4.77119893e-01 8.57655606e+13 1.05493756e+15 8.12991819e-02 5.34409280e-01
6.92499995e-01 2.27858920e-01 7.39753984e+14 9.38120409e+15 1.68559544e+14 2.13759103e+15 4.79810089e-01 8.08765696e+13 1.02563774e+15 7.88549078e-02 5.33228746e-01
6.97499990e-01 2.29129949e-01 7.02203328e+14 9.17833548e+15 1.60895812e+14 2.10303154e+15 4.82139915e-01 7.75742933e+13 1.01395545e+15 7.65066094e-02 5.32061656e-01
7.02499986e-01 2.25749532e-01 6.67349184e+14 8.97653636e+15 1.50653766e+14 2.02644889e+15 4.84985799e-01 7.30649372e+13 9.82798932e+14 7.43437287e-02 5.30930764e-01
7.07499981e-01 2.24718663e-01 6.33300608e+14 8.77552917e+15 1.42314466e+14 1.97202518e+15 4.87196416e-01 6.93350976e+13 9.60763599e+14 7.21666575e-02 5.29825370e-01
7.12499976e-01 2.25633100e-01 6.01750016e+14 8.57503634e+15 1.35774721e+14 1.93481203e+15 4.89548177e-01 6.64682673e+13 9.47183701e+14 7.01746316e-02 5.28736082e-01
7.17499971e-01 2.22477839e-01 5.71540416e+14 8.37478030e+15 1.27155077e+14 1.86320303e+15 4.92317587e-01 6.26006807e+13 9.17287619e+14 6.82454220e-02 5.27681667e-01
7.22500026e-01 2.21528740e-01 5.42477120e+14 8.17448112e+15 1.20174273e+14 1.81088250e+15 4.94748175e-01 5.94560021e+13 8.95930812e+14 6.63622696e-02 5.26652251e-01
7.27500021e-01 2.21723389e-01 5.15676416e+14 7.97386598e+15 1.14337523e+14 1.76799259e+15 4.96966302e-01 5.68218958e+13 8.78632739e+14 6.46708155e-02 5.25643468e-01
7.32500017e-01 2.19068717e-01 4.89444288e+14 7.77265496e+15 1.07221932e+14 1.70274555e+15 4.99601692e-01 5.35682587e+13 8.50694556e+14 6.29700264e-02 5.24667363e-01
7.37500012e-01 2.18557237e-01 4.64959200e+14 7.57057047e+15 1.01620198e+14 1.65460296e+15 5.01727164e-01 5.09856136e+13 8.30159251e+14 6.14166663e-02 5.23715592e-01
7.42500007e-01 2.18582173e-01 4.41498592e+14 7.36733496e+15 9.65037217e+13 1.61036809e+15 5.04099190e-01 4.86474480e+13 8.11785248e+14 5.99264991e-02 5.22785673e-01
7.47500002e-01 2.15598942e-01 4.18911488e+14 7.16267087e+15 9.03168736e+13 1.54426426e+15 5.06382167e-01 4.57348542e+13 7.81987883e+14 5.84853745e-02 5.21890629e-01
7.52499998e-01 2.16095752e-01 3.97975488e+14 6.95598240e+15 8.60008125e+13 1.50315825e+15 5.08967519e-01 4.37716202e+13 7.65058725e+14 5.72134122e-02 5.21015900e-01
7.57499993e-01 2.14631048e-01 3.77296000e+14 6.74544305e+15 8.09794358e+13 1.44778151e+15 5.11035383e-01 4.13833570e+13 7.39867578e+14 5.59334646e-02 5.20170775e-01
7.62499988e-01 2.13368505e-01 3.58237696e+14 6.53137802e+15 7.64366416e+13 1.39359036e+15 5.13310909e-01 3.92357620e+13 7.15345136e+14 5.48487157e-02 5.19354673e-01
7.67499983e-01 2.12848537e-01 3.39600704e+14 6.31447075e+15 7.22835129e+13 1.34402586e+15 5.15338600e-01 3.72504843e+13 6.92628403e+14 5.37813409e-02 5.18565402e-01
7.72499979e-01 2.11500680e-01 3.22020512e+14 6.09540469e+15 6.81075572e+13 1.28918224e+15 5.17666578e-01 3.52570061e+13 6.67366557e+14 5.28300463e-02 5.17805893e-01
7.77499974e-01 2.10790446e-01 3.05236288e+14 5.87486330e+15 6.43408933e+13 1.23836506e+15 5.20096481e-01 3.34634722e+13 6.44069308e+14 5.19563217e-02 5.17073870e-01
7.82500029e-01 2.10192034e-01 2.88963808e+14 5.65352740e+15 6.07378906e+13 1.18832643e+15 5.21743834e-01 3.16896199e+13 6.20001985e+14 5.11121265e-02 5.16370096e-01
7.87500024e-01 2.08949564e-01 2.73700704e+14 5.43208572e+15 5.71896428e+13 1.13503194e+15 5.24064600e-01 2.99710673e+13 5.94830062e+14 5.03859324e-02 5.15695840e-01
7.92500019e-01 2.08258435e-01 2.58682496e+14 5.21121908e+15 5.38728118e+13 1.08528033e+15 5.26176810e-01 2.83466243e+13 5.71049343e+14 4.96395358e-02 5.15049337e-01
7.97500014e-01 2.06809182e-01 2.44735600e+14 4.99161093e+15 5.06135692e+13 1.03231097e+15 5.28135180e-01 2.67308065e+13 5.45199743e+14 4.90293822e-02 5.14432965e-01
8.02500010e-01 2.06824230e-01 2.30941600e+14 4.77394473e+15 4.77643186e+13 9.87367443e+14 5.30210197e-01 2.53251288e+13 5.23512287e+14 4.83754239e-02 5.13841813e-01
8.07500005e-01 2.05407035e-01 2.18155808e+14 4.55890393e+15 4.48107376e+13 9.36430938e+14 5.32026827e-01 2.38405146e+13 4.98206381e+14 4.78526881e-02 5.13279999e-01
8.12500000e-01 2.05180462e-01 2.04987104e+14 4.34717198e+15 4.20593487e+13 8.91954756e+14 5.34217477e-01 2.24688391e+13 4.76497819e+14 4.71541280e-02 5.12743125e-01
8.17499995e-01 2.04037752e-01 1.91676192e+14 4.13943234e+15 3.91091793e+13 8.44600470e+14 5.35954595e-01 2.09607444e+13 4.52667503e+14 4.63049462e-02 5.12233318e-01
8.22499990e-01 2.02945284e-01 1.78721104e+14 3.93636847e+15 3.62706052e+13 7.98867417e+14 5.38073361e-01 1.95162465e+13 4.29849276e+14 4.54025342e-02 5.11749304e-01
8.27499986e-01 2.03320544e-01 1.66572992e+14 3.73866380e+15 3.38677114e+13 7.60147159e+14 5.39642096e-01 1.82764427e+13 4.10207406e+14 4.45541511e-02 5.11287503e-01
8.32499981e-01 2.00661309e-01 1.54911904e+14 3.54700181e+15 3.10848254e+13 7.11746025e+14 5.41815162e-01 1.68422297e+13 3.85634788e+14 4.36740415e-02 5.10853380e-01
8.37499976e-01 2.02106513e-01 1.43792608e+14 3.36206593e+15 2.90614226e+13 6.79495422e+14 5.43536186e-01 1.57959348e+13 3.69330350e+14 4.27691220e-02 5.10437563e-01
8.42499971e-01 2.00023090e-01 1.33363296e+14 3.18453964e+15 2.66757385e+13 6.36981457e+14 5.44980645e-01 1.45377612e+13 3.47142565e+14 4.18783596e-02 5.10046656e-01
8.47500026e-01 1.99561173e-01 1.23253000e+14 3.01510440e+15 2.45965133e+13 6.01697772e+14 5.47124624e-01 1.34573581e+13 3.29203667e+14 4.08785182e-02 5.09675762e-01
8.52500021e-01 1.99769311e-01 1.13899104e+14 2.85296783e+15 2.27535455e+13 5.69935418e+14 5.48596501e-01 1.24825155e+13 3.12664576e+14 3.99230243e-02 5.09323326e-01
8.57500017e-01 1.97536488e-01 1.04937504e+14 2.68999410e+15 2.07289860e+13 5.31371988e+14 5.50498128e-01 1.14112680e+13 2.92519285e+14 3.90103101e-02 5.08993437e-01
8.62500012e-01 1.98174694e-01 9.63286240e+13 2.52554518e+15 1.90898956e+13 5.00499144e+14 5.52091837e-01 1.05393755e+13 2.76321492e+14 3.81417147e-02 5.08681664e-01
8.67500007e-01 1.97312249e-01 8.84264960e+13 2.36046977e+15 1.74476308e+13 4.65749599e+14 5.53543210e-01 9.65801756e+12 2.57812528e+14 3.74613974e-02 5.08390728e-01
8.72500002e-01 1.96247333e-01 8.08443040e+13 2.19561654e+15 1.58654790e+13 4.30883891e+14 5.55447519e-01 8.81244096e+12 2.39333388e+14 3.68207756e-02 5.08120598e-01
8.77499998e-01 1.95987040e-01 7.35964480e+13 2.03183420e+15 1.44239500e+13 3.98213171e+14 5.56665838e-01 8.02932020e+12 2.21671668e+14 3.62216798e-02 5.07870362e-01
8.82499993e-01 1.96058589e-01 6.68195400e+13 1.86997144e+15 1.31005447e+13 3.66623961e+14 5.58548391e-01 7.31728817e+12 2.04777224e+14 3.57329201e-02 5.07639193e-01
8.87499988e-01 1.93971843e-01 6.03959000e+13 1.71087694e+15 1.17151040e+13 3.31861953e+14 5.59772193e-01 6.55778948e+12 1.85767093e+14 3.53011363e-02 5.07429489e-01
8.92499983e-01 1.95076932e-01 5.42175000e+13 1.55539939e+15 1.05765836e+13 3.03422541e+14 5.61320126e-01 5.93684921e+12 1.70317179e+14 3.48576066e-02 5.07237208e-01
8.97499979e-01 1.93768239e-01 4.82674880e+13 1.40438749e+15 9.35270616e+12 2.72125692e+14 5.62540829e-01 5.26127908e+12 1.53081812e+14 3.43690671e-02 5.07064340e-01
9.02499974e-01 1.94216823e-01 4.26757920e+13 1.25868993e+15 8.28835672e+12 2.44458759e+14 5.64329147e-01 4.67736128e+12 1.37955203e+14 3.39049284e-02 5.06908509e-01
9.07500029e-01 1.92313116e-01 3.74384600e+13 1.11915378e+15 7.19990691e+12 2.15227951e+14 5.65533876e-01 4.07179127e+12 1.21718697e+14 3.34524716e-02 5.06770973e-01
9.12500024e-01 1.93012099e-01 3.25756600e+13 9.86631055e+14 6.28749652e+12 1.90431731e+14 5.66575289e-01 3.56234016e+12 1.07893913e+14 3.30170633e-02 5.06649012e-01
9.17500019e-01 1.92289141e-01 2.80865200e+13 8.61968752e+14 5.40073281e+12 1.65747231e+14 5.67900181e-01 3.06707714e+12 9.41278825e+13 3.25841510e-02 5.06542566e-01
9.22500014e-01 1.92106018e-01 2.39589200e+13 7.46015562e+14 4.60265271e+12 1.43314079e+14 5.68885803e-01 2.61838379e+12 8.15293448e+13 3.21158448e-02 5.06450315e-01
9.27500010e-01 1.90666006e-01 2.02280200e+13 6.39620173e+14 3.85679579e+12 1.21953824e+14 5.70537686e-01 2.20044735e+12 6.95792526e+13 3.16250501e-02 5.06371533e-01
9.32500005e-01 1.92203472e-01 1.67867300e+13 5.43631278e+14 3.22646779e+12 1.04487819e+14 5.71246386e-01 1.84310806e+12 5.96882890e+13 3.08788892e-02 5.06303865e-01
9.37500000e-01 1.91234581e-01 1.35995500e+13 4.58897568e+14 2.60070425e+12 8.77570844e+13 5.72108686e-01 1.48788549e+12 5.02065902e+13 2.96352627e-02 5.06246812e-01
9.42499995e-01 1.91548832e-01 1.06925300e+13 3.86267733e+14 2.04814163e+12 7.39891329e+13 5.73037505e-01 1.17366197e+12 4.23985481e+13 2.76816547e-02 5.06198444e-01
9.47499990e-01 1.90980874e-01 8.12648900e+12 3.26590464e+14 1.55200398e+12 6.23725324e+13 5.74756622e-01 8.92024563e+11 3.58490260e+13 2.48828117e-02 5.06157317e-01
9.52499986e-01 1.90297977e-01 5.92737800e+12 2.78968179e+14 1.12796804e+12 5.30870800e+13 5.74383676e-01 6.47886429e+11 3.04923522e+13 2.12475058e-02 5.06122077e-01
9.57499981e-01 1.89970405e-01 4.10400700e+12 2.33779001e+14 7.79639874e+11 4.44110916e+13 5.75308502e-01 4.48533448e+11 2.55500786e+13 1.75550712e-02 5.06092327e-01
9.62499976e-01 1.88194950e-01 2.67455600e+12 1.90143632e+14 5.03337933e+11 3.57840713e+13 5.77330351e-01 2.90592266e+11 2.06592304e+13 1.40659773e-02 5.06068104e-01
9.67499971e-01 1.87604779e-01 1.70203000e+12 1.48929875e+14 3.19308962e+11 2.79399563e+13 5.79314649e-01 1.84980359e+11 1.61860260e+13 1.14283988e-02 5.06049025e-01
9.72500026e-01 1.84351677e-01 1.19309700e+12 1.11005106e+14 2.19949433e+11 2.04639775e+13 5.82357883e-01 1.28089286e+11 1.19173586e+13 1.07481272e-02 5.06034959e-01
9.77500021e-01 1.79154471e-01 9.40446812e+11 7.72380427e+13 1.68485251e+11 1.38375407e+13 5.87240994e-01 9.89414462e+10 8.12597113e+12 1.21759534e-02 5.06025396e-01
9.82500017e-01 1.83015898e-01 7.39447375e+11 4.84960151e+13 1.35330626e+11 8.87554177e+12 5.56258142e-01 7.52787623e+10 4.93709237e+12 1.52475904e-02 5.06019623e-01
9.87500012e-01 2.00524202e-01 5.85651625e+11 2.56468276e+13 1.17437325e+11 5.14280964e+12 5.09120703e-01 5.97897733e+10 2.61831086e+12 2.28352463e-02 5.06016608e-01
9.92500007e-01 2.12941875e-01 4.64682312e+11 9.55828453e+12 9.89503227e+10 2.03535903e+12 4.80053306e-01 4.75014295e+10 9.77080828e+11 4.86156601e-02 5.06015543e-01
9.97500002e-01 1.80577010e-01 3.65146188e+11 1.09819013e+12 6.59370067e+10 1.98307889e+11 4.63385105e-01 3.05542268e+10 9.18929220e+10 3.32498152e-01 5.06015505e-01
