# 104614M29  idx 1  channel DD (2.45 MeV)  [BT anisotropy: dEps/dOmega toward KM14]  TH=THNTX_DD  BT=BTN[DD]  t = 12.329 s
# (TH/BT)_LOS = 0.374151  [cum (TH/BT)(rhot=1) must match this]
#   rhot          f             TH[n/m3/s]    BT[n/m3/s]    THKM14        BTKM14        DVOL[m3]      TH*f*DVOL[n/s] BT*f*DVOL[n/s] TH/BT_local   TH/BT_cum
2.49999994e-03 1.00000000e+00 1.84033296e+14 4.63864658e+14 1.84033296e+14 4.63864658e+14 1.92002300e-03 3.53348161e+11 8.90630812e+11 3.96739206e-01 3.96739206e-01
7.49999983e-03 1.00000000e+00 1.83376192e+14 4.63864658e+14 1.83376192e+14 4.63864658e+14 5.76050766e-03 1.05633996e+12 2.67209591e+12 3.95322620e-01 3.95676747e-01
1.25000002e-02 1.00000000e+00 1.82852400e+14 4.63864658e+14 1.82852400e+14 4.63864658e+14 9.60124563e-03 1.75561081e+12 4.45367852e+12 3.94193429e-01 3.94852659e-01
1.75000001e-02 1.00000000e+00 1.82705104e+14 4.63864658e+14 1.82705104e+14 4.63864658e+14 1.34413699e-02 2.45580688e+12 6.23497643e+12 3.93875888e-01 3.94425322e-01
2.25000009e-02 1.00000000e+00 1.82644400e+14 4.63864658e+14 1.82644400e+14 4.63864658e+14 1.72797702e-02 3.15605326e+12 8.01547470e+12 3.93745022e-01 3.94180432e-01
2.74999999e-02 1.00000000e+00 1.82651296e+14 4.63864658e+14 1.82651296e+14 4.63864658e+14 2.11175606e-02 3.85714981e+12 9.79569000e+12 3.93759889e-01 3.94051949e-01
3.24999988e-02 1.00000000e+00 1.82724800e+14 4.63864658e+14 1.82724800e+14 4.63864658e+14 2.49552298e-02 4.55993938e+12 1.15758491e+13 3.93918349e-01 3.94016509e-01
3.75000015e-02 1.00000000e+00 1.82864608e+14 4.63864658e+14 1.82864608e+14 4.63864658e+14 2.87921987e-02 5.26507414e+12 1.33556834e+13 3.94219747e-01 3.94064135e-01
4.25000004e-02 1.00000000e+00 1.83071808e+14 4.63864658e+14 1.83071808e+14 4.63864658e+14 3.26303579e-02 5.97369861e+12 1.51360698e+13 3.94666429e-01 3.94190522e-01
4.74999994e-02 1.00000000e+00 1.83344896e+14 4.63864658e+14 1.83344896e+14 4.63864658e+14 3.64687704e-02 6.68636291e+12 1.69165737e+13 3.95255152e-01 3.94392775e-01
5.24999984e-02 1.00000000e+00 1.83693200e+14 4.63922292e+14 1.83693200e+14 4.63922292e+14 4.03079502e-02 7.40429636e+12 1.86997567e+13 3.95956829e-01 3.94664221e-01
5.75000010e-02 1.00000000e+00 1.84141104e+14 4.64365787e+14 1.84141104e+14 4.64365787e+14 4.41471413e-02 8.12930333e+12 2.05004220e+13 3.96543219e-01 3.94964581e-01
6.25000000e-02 9.99514887e-01 1.84680000e+14 4.65207840e+14 1.84590409e+14 4.64982162e+14 4.79831807e-02 8.85723497e+12 2.23113231e+13 3.96983851e-01 3.95263818e-01
6.75000027e-02 9.30549710e-01 1.85264608e+14 4.66401564e+14 1.72397927e+14 4.34009841e+14 5.18221222e-02 8.93402646e+12 2.24913110e+13 3.97221241e-01 3.95518225e-01
7.24999979e-02 8.71724926e-01 1.85855200e+14 4.67900066e+14 1.62014610e+14 4.07880151e+14 5.56556731e-02 9.01703221e+12 2.27008444e+13 3.97211314e-01 3.95714570e-01
7.75000006e-02 8.43432010e-01 1.86576304e+14 4.69656462e+14 1.57364427e+14 3.96123294e+14 5.94903380e-02 9.36166295e+12 2.35655086e+13 3.97261230e-01 3.95880759e-01
8.25000033e-02 8.03341804e-01 1.87385408e+14 4.71623860e+14 1.50534532e+14 3.78875162e+14 6.33235574e-02 9.53238205e+12 2.39917231e+13 3.97319610e-01 3.96022639e-01
8.74999985e-02 7.83576316e-01 1.88460304e+14 4.73755367e+14 1.47673031e+14 3.71223485e+14 6.71504512e-02 9.91631065e+12 2.49278245e+13 3.97800885e-01 3.96187896e-01
9.25000012e-02 7.60861961e-01 1.89958096e+14 4.76004100e+14 1.44531889e+14 3.62173413e+14 7.09799752e-02 1.02588699e+13 2.57070598e+13 3.99068193e-01 3.96439795e-01
9.74999964e-02 7.36125375e-01 1.90299808e+14 4.78323164e+14 1.40084517e+14 3.52105818e+14 7.48105496e-02 1.04797997e+13 2.63412298e+13 3.97847778e-01 3.96555593e-01
1.02499999e-01 7.23993946e-01 1.90143104e+14 4.80665676e+14 1.37662456e+14 3.47999039e+14 7.86441192e-02 1.08263426e+13 2.73680779e+13 3.95582863e-01 3.96479017e-01
1.07500002e-01 7.07954338e-01 1.89948608e+14 4.82984743e+14 1.34474941e+14 3.41931144e+14 8.24650228e-02 1.10894791e+13 2.81973596e+13 3.93280762e-01 3.96239074e-01
1.12499997e-01 6.93371772e-01 1.89716304e+14 4.85233473e+14 1.31543930e+14 3.36447193e+14 8.62875357e-02 1.13506015e+13 2.90311992e+13 3.90979424e-01 3.95861940e-01
1.17500000e-01 6.91297974e-01 1.89491504e+14 4.87364983e+14 1.30995093e+14 3.36914426e+14 9.01125073e-02 1.18042963e+13 3.03602037e+13 3.88808204e-01 3.95369907e-01
1.22500002e-01 6.81020785e-01 1.89239008e+14 4.89332381e+14 1.28875698e+14 3.33245522e+14 9.39324349e-02 1.21056081e+13 3.13025633e+13 3.86728971e-01 3.94790146e-01
1.27499998e-01 6.77399493e-01 1.89002304e+14 4.91088774e+14 1.28030065e+14 3.32663286e+14 9.77387950e-02 1.25135043e+13 3.25141087e+13 3.84863825e-01 3.94143436e-01
1.32499993e-01 6.73073954e-01 1.88752000e+14 4.92587276e+14 1.27044055e+14 3.31547666e+14 1.01557098e-01 1.29022256e+13 3.36710189e+13 3.83184887e-01 3.93450802e-01
1.37500003e-01 6.64336912e-01 1.88511504e+14 4.93781002e+14 1.25235150e+14 3.28036946e+14 1.05366901e-01 1.31956396e+13 3.45642363e+13 3.81771480e-01 3.92739200e-01
1.42499998e-01 6.59578566e-01 1.88266800e+14 4.94623055e+14 1.24176746e+14 3.26242765e+14 1.09164394e-01 1.35556793e+13 3.56140939e+13 3.80626819e-01 3.92023713e-01
1.47499993e-01 6.58724981e-01 1.88014896e+14 4.95066549e+14 1.23850109e+14 3.26112703e+14 1.12990499e-01 1.39938855e+13 3.68476369e+13 3.79777014e-01 3.91318346e-01
1.52500004e-01 6.48493234e-01 1.87783808e+14 4.95003296e+14 1.21776529e+14 3.21006288e+14 1.16775706e-01 1.42205402e+13 3.74857361e+13 3.79358703e-01 3.90656370e-01
1.57499999e-01 6.48779106e-01 1.87545904e+14 4.94062492e+14 1.21675864e+14 3.20537422e+14 1.20592400e-01 1.46731845e+13 3.86543771e+13 3.79599559e-01 3.90059363e-01
1.62499994e-01 6.44100458e-01 1.87304496e+14 4.92248101e+14 1.20642912e+14 3.17057227e+14 1.24380998e-01 1.50056858e+13 3.94358944e+13 3.80508316e-01 3.89560702e-01
1.67500004e-01 6.40677567e-01 1.87082400e+14 4.89630251e+14 1.19859497e+14 3.13695118e+14 1.28168702e-01 1.53622362e+13 4.02058962e+13 3.82089137e-01 3.89183093e-01
1.72499999e-01 6.35461610e-01 1.86853696e+14 4.86279096e+14 1.18738351e+14 3.09011697e+14 1.31963700e-01 1.56691521e+13 4.07783269e+13 3.84251961e-01 3.88942654e-01
1.77499995e-01 6.33068469e-01 1.86629904e+14 4.82264766e+14 1.18149508e+14 3.05306617e+14 1.35736704e-01 1.60372247e+13 4.14413139e+13 3.86986396e-01 3.88850293e-01
1.82500005e-01 6.25195103e-01 1.86424992e+14 4.77657385e+14 1.16551992e+14 2.98629058e+14 1.39537007e-01 1.62633161e+13 4.16698048e+13 3.90290191e-01 3.88915552e-01
1.87500000e-01 6.25143562e-01 1.86210096e+14 4.72527118e+14 1.16408043e+14 2.95397285e+14 1.43303409e-01 1.66816694e+13 4.23314381e+13 3.94072825e-01 3.89142547e-01
1.92499995e-01 6.20057131e-01 1.86011504e+14 4.66944088e+14 1.15337760e+14 2.89532012e+14 1.47068709e-01 1.69625754e+13 4.25810992e+13 3.98359265e-01 3.89533310e-01
1.97500005e-01 6.17917378e-01 1.85830400e+14 4.60978417e+14 1.14827834e+14 2.84846575e+14 1.50853097e-01 1.73221344e+13 4.29699881e+13 4.03121693e-01 3.90090828e-01
2.02500001e-01 6.14959593e-01 1.85647392e+14 4.54700276e+14 1.14165645e+14 2.79622297e+14 1.54623598e-01 1.76527027e+13 4.32362055e+13 4.08285198e-01 3.90812170e-01
2.07499996e-01 6.12565020e-01 1.85476992e+14 4.48179786e+14 1.13616717e+14 2.74539260e+14 1.58403099e-01 1.79972401e+13 4.34878695e+13 4.13845063e-01 3.91695435e-01
2.12500006e-01 6.09669347e-01 1.85311696e+14 4.41487065e+14 1.12978861e+14 2.69161131e+14 1.62122905e-01 1.83164611e+13 4.36371845e+13 4.19744338e-01 3.92734755e-01
2.17500001e-01 6.08107166e-01 1.85155392e+14 4.34692290e+14 1.12594321e+14 2.64339497e+14 1.65897697e-01 1.86791385e+13 4.38533138e+13 4.25945884e-01 3.93927052e-01
2.22499996e-01 6.05036615e-01 1.85016704e+14 4.27865580e+14 1.11941880e+14 2.58874342e+14 1.69655204e-01 1.89915225e+13 4.39193792e+13 4.32417827e-01 3.95262942e-01
2.27500007e-01 6.02979518e-01 1.84892896e+14 4.21077050e+14 1.11486629e+14 2.53900837e+14 1.73390999e-01 1.93307781e+13 4.40241199e+13 4.39095163e-01 3.96736577e-01
2.32500002e-01 6.02694255e-01 1.84692000e+14 4.14396880e+14 1.11312807e+14 2.49754619e+14 1.77138209e-01 1.97177514e+13 4.42410860e+13 4.45688683e-01 3.98336402e-01
2.37499997e-01 5.99632976e-01 1.84317600e+14 4.07895187e+14 1.10522911e+14 2.44587405e+14 1.80867404e-01 1.99899920e+13 4.42378890e+13 4.51874907e-01 4.00030624e-01
2.42500007e-01 5.99864193e-01 1.83763008e+14 4.01642091e+14 1.10232849e+14 2.40930709e+14 1.84582591e-01 2.03470648e+13 4.44716145e+13 4.57529259e-01 4.01803383e-01
2.47500002e-01 5.99252957e-01 1.83022400e+14 3.95707765e+14 1.09676714e+14 2.37129048e+14 1.88315496e-01 2.06538249e+13 4.46550743e+13 4.62519102e-01 4.03626607e-01
2.52499998e-01 5.96713948e-01 1.82095104e+14 3.90083453e+14 1.08658688e+14 2.32768237e+14 1.92038506e-01 2.08666522e+13 4.47004645e+13 4.66810634e-01 4.05470455e-01
2.57499993e-01 5.96003399e-01 1.80985104e+14 3.84348016e+14 1.07867737e+14 2.29072724e+14 1.95746407e-01 2.11147220e+13 4.48401626e+13 4.70888613e-01 4.07331002e-01
2.62499988e-01 5.95075382e-01 1.79674704e+14 3.78446672e+14 1.06919993e+14 2.25204298e+14 1.99495092e-01 2.13300139e+13 4.49271521e+13 4.74768884e-01 4.09199468e-01
2.67500013e-01 5.91786585e-01 1.78151008e+14 3.72401476e+14 1.05427377e+14 2.20382198e+14 2.03140706e-01 2.14165917e+13 4.47685952e+13 4.78384269e-01 4.11058251e-01
2.72500008e-01 5.91820037e-01 1.76439104e+14 3.66234593e+14 1.04420197e+14 2.16744970e+14 2.06866592e-01 2.16010503e+13 4.48372934e+13 4.81765261e-01 4.12910993e-01
2.77500004e-01 5.91000731e-01 1.74500800e+14 3.59968077e+14 1.03130100e+14 2.12741397e+14 2.10559905e-01 2.17150641e+13 4.47948082e+13 4.84767431e-01 4.14744083e-01
2.82499999e-01 5.89410880e-01 1.72434896e+14 3.53624022e+14 1.01635004e+14 2.08429846e+14 2.14253202e-01 2.17756250e+13 4.46567620e+13 4.87622122e-01 4.16551537e-01
2.87499994e-01 5.88714593e-01 1.70188192e+14 3.47224519e+14 1.00192272e+14 2.04416141e+14 2.17893094e-01 2.18312042e+13 4.45408654e+13 4.90138751e-01 4.18327902e-01
2.92499989e-01 5.88624460e-01 1.67751104e+14 3.40791659e+14 9.87424030e+13 2.00598306e+14 2.21575901e-01 2.18789369e+13 4.44477505e+13 4.92239465e-01 4.20066486e-01
2.97500014e-01 5.85806543e-01 1.65108704e+14 3.34347497e+14 9.67217591e+13 1.95862951e+14 2.25277290e-01 2.17892158e+13 4.41234748e+13 4.93823659e-01 4.21749481e-01
3.02500010e-01 5.86324472e-01 1.62295200e+14 3.27914200e+14 9.51576474e+13 1.92264120e+14 2.28930295e-01 2.17844683e+13 4.40150816e+13 4.94931906e-01 4.23378186e-01
3.07500005e-01 5.83259212e-01 1.59436992e+14 3.21513822e+14 9.29930943e+13 1.87525898e+14 2.32581005e-01 2.16284273e+13 4.36149618e+13 4.95894674e-01 4.24942893e-01
3.12500000e-01 5.84796899e-01 1.56384096e+14 3.15168455e+14 9.14529344e+13 1.84309535e+14 2.36181408e-01 2.15994828e+13 4.35304855e+13 4.96192095e-01 4.26444931e-01
3.17499995e-01 5.83234309e-01 1.53149504e+14 3.08900191e+14 8.93220452e+13 1.80161189e+14 2.39869088e-01 2.14255975e+13 4.32151002e+13 4.95789607e-01 4.27866476e-01
3.22499990e-01 5.83079588e-01 1.49853504e+14 3.02731121e+14 8.73765194e+13 1.76516337e+14 2.43506297e-01 2.12767327e+13 4.29828397e+13 4.95005283e-01 4.29208050e-01
3.27499986e-01 5.82530175e-01 1.46416000e+14 2.96683337e+14 8.52917380e+13 1.72826996e+14 2.47077793e-01 2.10736944e+13 4.27017127e+13 4.93509347e-01 4.30459674e-01
3.32500011e-01 5.82287201e-01 1.42825104e+14 2.90778897e+14 8.31652300e+13 1.69316830e+14 2.50708699e-01 2.08502466e+13 4.24492021e+13 4.91181120e-01 4.31612324e-01
3.37500006e-01 5.56774791e-01 1.39265104e+14 2.85039962e+14 7.75392991e+13 1.58703065e+14 2.54339486e-01 1.97213055e+13 4.03644560e+13 4.88580981e-01 4.32622395e-01
3.42500001e-01 5.20104572e-01 1.35541104e+14 2.79488589e+14 7.04955478e+13 1.45363293e+14 2.57922590e-01 1.81823943e+13 3.74924769e+13 4.84961138e-01 4.33470383e-01
3.47499996e-01 4.98721391e-01 1.31760496e+14 2.74146869e+14 6.57117778e+13 1.36722908e+14 2.61542916e-01 1.71864500e+13 3.57589080e+13 4.80620102e-01 4.34187890e-01
3.52499992e-01 4.81387931e-01 1.27956896e+14 2.69009542e+14 6.15969054e+13 1.29497947e+14 2.65070826e-01 1.63275426e+13 3.43261277e+13 4.75659321e-01 4.34784978e-01
3.57499987e-01 4.67906906e-01 1.24066800e+14 2.63928718e+14 5.80517126e+13 1.23494070e+14 2.68721700e-01 1.55997549e+13 3.31855363e+13 4.70076925e-01 4.35269469e-01
3.62500012e-01 4.55831889e-01 1.20226600e+14 2.58884107e+14 5.48031181e+13 1.18007631e+14 2.72249401e-01 1.49201161e+13 3.21275069e+13 4.64403170e-01 4.35651589e-01
3.67500007e-01 4.43967837e-01 1.16287696e+14 2.53882212e+14 5.16279969e+13 1.12715537e+14 2.75765002e-01 1.42371946e+13 3.10830001e+13 4.58037982e-01 4.35932105e-01
3.72500002e-01 4.34304586e-01 1.12460800e+14 2.48929445e+14 4.88422412e+13 1.08111199e+14 2.79350400e-01 1.36440996e+13 3.02009068e+13 4.51777813e-01 4.36122707e-01
3.77499998e-01 4.24422831e-01 1.08550400e+14 2.44032246e+14 4.60712681e+13 1.03572857e+14 2.82902420e-01 1.30336732e+13 2.93010118e+13 4.44819903e-01 4.36223034e-01
3.82499993e-01 4.16538362e-01 1.04764704e+14 2.39197059e+14 4.36385182e+13 9.96347510e+13 2.86407918e-01 1.24984171e+13 2.85361816e+13 4.37984918e-01 4.36242608e-01
3.87499988e-01 4.09217756e-01 1.00949696e+14 2.34430324e+14 4.13104080e+13 9.59330509e+13 2.89985687e-01 1.19794270e+13 2.78192116e+13 4.30617057e-01 4.36182333e-01
3.92500013e-01 4.01088663e-01 9.72560800e+13 2.29738455e+14 3.90083111e+13 9.21454899e+13 2.93511808e-01 1.14493999e+13 2.70457893e+13 4.23333916e-01 4.36049876e-01
3.97500008e-01 3.94863544e-01 9.35792160e+13 2.25127952e+14 3.69510209e+13 8.88948209e+13 2.96907097e-01 1.09710204e+13 2.63935032e+13 4.15671245e-01 4.35846897e-01
4.02500004e-01 3.88069886e-01 9.00323280e+13 2.20605226e+14 3.49388353e+13 8.56102449e+13 3.00488681e-01 1.04987245e+13 2.57249095e+13 4.08115119e-01 4.35580264e-01
4.07499999e-01 3.81653501e-01 8.65659920e+13 2.16176720e+14 3.30382139e+13 8.25046020e+13 3.03960085e-01 1.00422983e+13 2.50781058e+13 4.00440862e-01 4.35253962e-01
4.12499994e-01 3.75664548e-01 8.31990400e+13 2.11848875e+14 3.12549298e+13 7.95841121e+13 3.07442695e-01 9.60909984e+12 2.44675539e+13 3.92728259e-01 4.34872145e-01
4.17499989e-01 3.70510112e-01 7.99579200e+13 2.07628134e+14 2.96252179e+13 7.69283233e+13 3.10841799e-01 9.20875602e+12 2.39125384e+13 3.85101568e-01 4.34439215e-01
4.22500014e-01 3.64817474e-01 7.68049200e+13 2.03520914e+14 2.80197769e+13 7.42479857e+13 3.14280808e-01 8.80607812e+12 2.33347169e+13 3.77380970e-01 4.33958962e-01
4.27500010e-01 3.59835560e-01 7.38220160e+13 1.99533706e+14 2.65637865e+13 7.17993228e+13 3.17831010e-01 8.44279508e+12 2.28200513e+13 3.69972661e-01 4.33436575e-01
4.32500005e-01 3.54269075e-01 7.08794080e+13 1.95672926e+14 2.51103823e+13 6.93208664e+13 3.21211398e-01 8.06574099e+12 2.22666524e+13 3.62234109e-01 4.32873855e-01
4.37500000e-01 3.49626527e-01 6.81220640e+13 1.91945017e+14 2.38172806e+13 6.71090695e+13 3.24625403e-01 7.73169432e+12 2.17853087e+13 3.54904051e-01 4.32275598e-01
4.42499995e-01 3.45118644e-01 6.54037200e+13 1.88356419e+14 2.25720432e+13 6.50053121e+13 3.28031600e-01 7.40434342e+12 2.13237965e+13 3.47233825e-01 4.31641663e-01
4.47499990e-01 3.40241695e-01 6.28478080e+13 1.84913576e+14 2.13834447e+13 6.29153087e+13 3.31423104e-01 7.08696762e+12 2.08515869e+13 3.39876656e-01 4.30977600e-01
4.52499986e-01 3.36220678e-01 6.03396720e+13 1.81615911e+14 2.02874454e+13 6.10630249e+13 3.34843189e-01 6.79311292e+12 2.04465380e+13 3.32237806e-01 4.30281879e-01
4.57500011e-01 3.32813944e-01 5.79636800e+13 1.78423391e+14 1.92911210e+13 5.93817924e+13 3.38259310e-01 6.52540126e+12 2.00864441e+13 3.24865926e-01 4.29557215e-01
4.62500006e-01 3.29099662e-01 5.56480600e+13 1.75324358e+14 1.83137577e+13 5.76991869e+13 3.41479093e-01 6.25376538e+12 1.97030660e+13 3.17400620e-01 4.28805996e-01
4.67500001e-01 3.24566815e-01 5.34477600e+13 1.72313633e+14 1.73473692e+13 5.59272871e+13 3.44900578e-01 5.98311767e+12 1.92893537e+13 3.10177198e-01 4.28033177e-01
4.72499996e-01 3.21797058e-01 5.13031120e+13 1.69386057e+14 1.65091905e+13 5.45079347e+13 3.48307580e-01 5.75027619e+12 1.89855268e+13 3.02876831e-01 4.27235789e-01
4.77499992e-01 3.17968955e-01 4.92568200e+13 1.66536468e+14 1.56621396e+13 5.29534267e+13 3.51579607e-01 5.50648888e+12 1.86173449e+13 2.95771975e-01 4.26419558e-01
4.82499987e-01 3.14133659e-01 4.72722320e+13 1.63759706e+14 1.48497992e+13 5.14424357e+13 3.54875416e-01 5.26982867e+12 1.82556557e+13 2.88668276e-01 4.25585980e-01
4.87500012e-01 3.11346117e-01 4.53792480e+13 1.61050595e+14 1.41286527e+13 5.01424776e+13 3.58142674e-01 5.06007345e+12 1.79581610e+13 2.81770135e-01 4.24734951e-01
4.92500007e-01 3.07876303e-01 4.35356720e+13 1.58404008e+14 1.34036018e+13 4.87688404e+13 3.61445308e-01 4.84466896e+12 1.76272685e+13 2.74839460e-01 4.23869318e-01
4.97500002e-01 3.04545350e-01 4.17799280e+13 1.55814767e+14 1.27238828e+13 4.74526628e+13 3.64756197e-01 4.64111510e+12 1.73086528e+13 2.68138436e-01 4.22991221e-01
5.02499998e-01 3.02053480e-01 4.00682200e+13 1.53277712e+14 1.21027453e+13 4.62980664e+13 3.68044496e-01 4.45434878e+12 1.70397485e+13 2.61409303e-01 4.22099238e-01
5.07499993e-01 2.97987355e-01 3.84477000e+13 1.50787684e+14 1.14569284e+13 4.49328230e+13 3.71278197e-01 4.25370772e+12 1.66825775e+13 2.54979048e-01 4.21200876e-01
5.12499988e-01 2.95897621e-01 3.68549200e+13 1.48339521e+14 1.09052831e+13 4.38933112e+13 3.74429822e-01 4.08326322e+12 1.64349647e+13 2.48449772e-01 4.20290846e-01
5.17499983e-01 2.93688451e-01 3.53611400e+13 1.45928063e+14 1.03851584e+13 4.28573867e+13 3.77652913e-01 3.92198533e+12 1.61852169e+13 2.42318984e-01 4.19372327e-01
5.22499979e-01 2.89393271e-01 3.38908600e+13 1.43548150e+14 9.80778682e+12 4.15418687e+13 3.80915314e-01 3.73593619e+12 1.58239340e+13 2.36094021e-01 4.18452178e-01
5.27499974e-01 2.88425297e-01 3.25138100e+13 1.41194623e+14 9.37780530e+12 4.07241010e+13 3.84140700e-01 3.60239669e+12 1.56437847e+13 2.30276546e-01 4.17522810e-01
5.32500029e-01 2.85360514e-01 3.11515400e+13 1.38862292e+14 8.88941945e+12 3.96258149e+13 3.87309492e-01 3.44295653e+12 1.53474542e+13 2.24334048e-01 4.16591270e-01
5.37500024e-01 2.82131912e-01 2.98595500e+13 1.36546053e+14 8.42433194e+12 3.85239990e+13 3.90382409e-01 3.28871100e+12 1.50390915e+13 2.18677504e-01 4.15660519e-01
5.42500019e-01 2.81040922e-01 2.86069200e+13 1.34240718e+14 8.03971516e+12 3.77271352e+13 3.93558413e-01 3.16409754e+12 1.48478314e+13 2.13101661e-01 4.14724383e-01
5.47500014e-01 2.77782393e-01 2.74010200e+13 1.31941127e+14 7.61152090e+12 3.66509220e+13 3.96669805e-01 3.01926051e+12 1.45383141e+13 2.07676110e-01 4.13791668e-01
5.52500010e-01 2.75041381e-01 2.62434400e+13 1.29647025e+14 7.21803199e+12 3.56582967e+13 3.99794012e-01 2.88572597e+12 1.42559735e+13 2.02422231e-01 4.12862085e-01
5.57500005e-01 2.74954475e-01 2.51095600e+13 1.27383974e+14 6.90398590e+12 3.50247938e+13 4.02926326e-01 2.78179767e+12 1.41124115e+13 1.97117103e-01 4.11926885e-01
5.62500000e-01 2.70238313e-01 2.40428400e+13 1.25155029e+14 6.49729652e+12 3.38216840e+13 4.06058699e-01 2.63828377e+12 1.37335890e+13 1.92104465e-01 4.11003483e-01
5.67499995e-01 2.69784015e-01 2.29893000e+13 1.22958481e+14 6.20214565e+12 3.31722327e+13 4.09012318e-01 2.53675397e+12 1.35678518e+13 1.86967989e-01 4.10077584e-01
5.72499990e-01 2.67923882e-01 2.19957000e+13 1.20792621e+14 5.89317333e+12 3.23632281e+13 4.12048906e-01 2.42827562e+12 1.33352327e+13 1.82094732e-01 4.09155272e-01
5.77499986e-01 2.64205196e-01 2.10266700e+13 1.18655742e+14 5.55535546e+12 3.13494634e+13 4.15162891e-01 2.30637743e+12 1.30151339e+13 1.77207354e-01 4.08243044e-01
5.82499981e-01 2.63989312e-01 2.00943600e+13 1.16546133e+14 5.30469626e+12 3.07669335e+13 4.18176502e-01 2.21829933e+12 1.28660086e+13 1.72415501e-01 4.07329737e-01
5.87499976e-01 2.61849935e-01 1.92082300e+13 1.14462088e+14 5.02967378e+12 2.99718903e+13 4.21171188e-01 2.11835368e+12 1.26232967e+13 1.67813032e-01 4.06423085e-01
5.92499971e-01 2.58230935e-01 1.83364100e+13 1.12401898e+14 4.73502829e+12 2.90256470e+13 4.24153894e-01 2.00838069e+12 1.23113412e+13 1.63132566e-01 4.05528212e-01
5.97500026e-01 2.59260930e-01 1.75195800e+13 1.10363829e+14 4.54214260e+12 2.86130289e+13 4.26993400e-01 1.93946491e+12 1.22175745e+13 1.58743858e-01 4.04630676e-01
6.02500021e-01 2.54875170e-01 1.67217200e+13 1.08346223e+14 4.26195123e+12 2.76147620e+13 4.30114806e-01 1.83312832e+12 1.18775180e+13 1.54335975e-01 4.03748829e-01
6.07500017e-01 2.54470171e-01 1.59588100e+13 1.06347346e+14 4.06104111e+12 2.70622273e+13 4.32974607e-01 1.75832768e+12 1.17172572e+13 1.50063077e-01 4.02870148e-01
6.12500012e-01 2.52723103e-01 1.52310000e+13 1.04365490e+14 3.84922558e+12 2.63755705e+13 4.35743093e-01 1.67727346e+12 1.14929727e+13 1.45939045e-01 4.02000216e-01
6.17500007e-01 2.49649510e-01 1.45175000e+13 1.02398947e+14 3.62428675e+12 2.55638469e+13 4.38792318e-01 1.59030919e+12 1.12172197e+13 1.41773919e-01 4.01143099e-01
6.22500002e-01 2.49420377e-01 1.38492000e+13 1.00446008e+14 3.45427268e+12 2.50532811e+13 4.41585004e-01 1.52535502e+12 1.10631533e+13 1.37877057e-01 4.00290650e-01
6.27499998e-01 2.47507531e-01 1.32004000e+13 9.85049647e+13 3.26719841e+12 2.43807206e+13 4.44588602e-01 1.45255917e+12 1.08393905e+13 1.34007459e-01 3.99448541e-01
6.32499993e-01 2.44662078e-01 1.25748400e+13 9.65741087e+13 3.07658648e+12 2.36280221e+13 4.47285801e-01 1.37611345e+12 1.05684788e+13 1.30209227e-01 3.98620917e-01
6.37499988e-01 2.44918659e-01 1.19817600e+13 9.46517316e+13 2.93455659e+12 2.31819751e+13 4.50068176e-01 1.32075053e+12 1.04334693e+13 1.26587858e-01 3.97797885e-01
6.42499983e-01 2.41659411e-01 1.14007900e+13 9.27361249e+13 2.75510820e+12 2.24105574e+13 4.53025311e-01 1.24813375e+12 1.01525497e+13 1.22937960e-01 3.96991066e-01
6.47499979e-01 2.41769218e-01 1.08535200e+13 9.08255803e+13 2.62404705e+12 2.19588296e+13 4.55633819e-01 1.19560458e+12 1.00051854e+13 1.19498493e-01 3.96190657e-01
6.52499974e-01 2.39487780e-01 1.03272100e+13 8.89201018e+13 2.47324059e+12 2.12952777e+13 4.58364010e-01 1.13364447e+12 9.76098890e+12 1.16140330e-01 3.95404798e-01
6.57500029e-01 2.38032514e-01 9.81733000e+12 8.70286553e+13 2.33684374e+12 2.07156496e+13 4.61261183e-01 1.07789531e+12 9.55532505e+12 1.12805719e-01 3.94630622e-01
6.62500024e-01 2.37347365e-01 9.34270100e+12 8.51523681e+13 2.21746546e+12 2.02106902e+13 4.63795692e-01 1.02845093e+12 9.37363104e+12 1.09717454e-01 3.93867001e-01
6.67500019e-01 2.35109971e-01 8.88320400e+12 8.32906344e+13 2.08852983e+12 1.95824586e+13 4.66443598e-01 9.74181370e+11 9.13411246e+12 1.06653096e-01 3.93118837e-01
6.72500014e-01 2.34527342e-01 8.45155600e+12 8.14428709e+13 1.98212096e+12 1.91005800e+13 4.69385803e-01 9.30379439e+11 8.96554108e+12 1.03772815e-01 3.92380915e-01
6.77500010e-01 2.32693213e-01 8.04365500e+12 7.96084942e+13 1.87170393e+12 1.85243563e+13 4.71995801e-01 8.83436393e+11 8.74341838e+12 1.01040160e-01 3.91658113e-01
6.82500005e-01 2.31103842e-01 7.64751200e+12 7.77869212e+13 1.76736940e+12 1.79768563e+13 4.74223107e-01 8.38127410e+11 8.52504067e+12 9.83135967e-02 3.90950228e-01
6.87500000e-01 2.30815288e-01 7.28255200e+12 7.59775686e+13 1.68092434e+12 1.75367844e+13 4.77119893e-01 8.02002440e+11 8.36714868e+12 9.58513432e-02 3.90252951e-01
6.92499995e-01 2.28308875e-01 6.92896200e+12 7.41798529e+13 1.58194352e+12 1.69359187e+13 4.79810089e-01 7.59032459e+11 8.12602467e+12 9.34075996e-02 3.89573319e-01
6.97499990e-01 2.27967218e-01 6.59260000e+12 7.23931911e+13 1.50289668e+12 1.65032744e+13 4.82139915e-01 7.24606479e+11 7.95688731e+12 9.10665755e-02 3.88905606e-01
7.02499986e-01 2.27083270e-01 6.27876000e+12 7.06169997e+13 1.42580135e+12 1.60359392e+13 4.84985799e-01 6.91493406e+11 7.77720277e+12 8.89128684e-02 3.88251153e-01
7.07499981e-01 2.24925930e-01 5.97268000e+12 6.88506955e+13 1.34341060e+12 1.54863067e+13 4.87196416e-01 6.54504831e+11 7.54487312e+12 8.67482885e-02 3.87614403e-01
7.12499976e-01 2.25081383e-01 5.68697400e+12 6.70936953e+13 1.28003197e+12 1.51015417e+13 4.89548177e-01 6.26637319e+11 7.39293222e+12 8.47616751e-02 3.86988976e-01
7.17499971e-01 2.22689604e-01 5.41365500e+12 6.53454156e+13 1.20556469e+12 1.45517448e+13 4.92317587e-01 5.93520699e+11 7.16407986e+12 8.28467452e-02 3.86381545e-01
7.22500026e-01 2.22036748e-01 5.15109600e+12 6.36052527e+13 1.14373261e+12 1.41227035e+13 4.94748175e-01 5.65859619e+11 6.98718177e+12 8.09853870e-02 3.85787827e-01
7.27500021e-01 2.21329897e-01 4.90705300e+12 6.18726645e+13 1.08607753e+12 1.36942705e+13 4.96966302e-01 5.39743936e+11 6.80559095e+12 7.93089006e-02 3.85208586e-01
7.32500017e-01 2.19844359e-01 4.66921800e+12 6.01470472e+13 1.02650124e+12 1.32229890e+13 4.99601692e-01 5.12841755e+11 6.60622769e+12 7.76300453e-02 3.84645328e-01
7.37500012e-01 2.18665911e-01 4.44567600e+12 5.84278174e+13 9.72117792e+11 1.27761719e+13 5.01727164e-01 4.87737902e+11 6.41015249e+12 7.60883463e-02 3.84098023e-01
7.42500007e-01 2.17718164e-01 4.23189000e+12 5.67143917e+13 9.21359320e+11 1.23477532e+13 5.04099190e-01 4.64456487e+11 6.22449240e+12 7.46175683e-02 3.83565895e-01
7.47500002e-01 2.16973784e-01 4.02654400e+12 5.50061870e+13 8.73654490e+11 1.19349006e+13 5.06382167e-01 4.42403054e+11 6.04362082e+12 7.32016564e-02 3.83048618e-01
7.52499998e-01 2.14994899e-01 3.83582700e+12 5.32989314e+13 8.24683238e+11 1.14589984e+13 5.08967519e-01 4.19736982e+11 5.83225797e+12 7.19681783e-02 3.82549083e-01
7.57499993e-01 2.15237201e-01 3.64853600e+12 5.15720194e+13 7.85300675e+11 1.11002171e+13 5.11035383e-01 4.01316431e+11 5.67260369e+12 7.07464249e-02 3.82062854e-01
7.62499988e-01 2.12699458e-01 3.47479400e+12 4.98265694e+13 7.39086801e+11 1.05980843e+13 5.13310909e-01 3.79381318e+11 5.44011230e+12 6.97377732e-02 3.81596470e-01
7.67499983e-01 2.13367624e-01 3.30566700e+12 4.80676227e+13 7.05322312e+11 1.02560744e+13 5.15338600e-01 3.63479813e+11 5.28535104e+12 6.87711772e-02 3.81143284e-01
7.72499979e-01 2.11028617e-01 3.14619100e+12 4.63002206e+13 6.63936337e+11 9.77067154e+12 5.17666578e-01 3.43697652e+11 5.05795010e+12 6.79519657e-02 3.80709691e-01
7.77499974e-01 2.10415218e-01 2.99422600e+12 4.45294043e+13 6.30030717e+11 9.36966432e+12 5.20096481e-01 3.27676759e+11 4.87312944e+12 6.72415463e-02 3.80292129e-01
7.82500029e-01 2.10350608e-01 2.84706000e+12 4.27601941e+13 5.98880802e+11 8.99463282e+12 5.21743834e-01 3.12462366e+11 4.69289421e+12 6.65820177e-02 3.79890216e-01
7.87500024e-01 2.07820203e-01 2.70873300e+12 4.09976734e+13 5.62929442e+11 8.52014482e+12 5.24064600e-01 2.95011393e+11 4.46510629e+12 6.60704077e-02 3.79508144e-01
7.92500019e-01 2.08860550e-01 2.57276100e+12 3.92468625e+13 5.37348278e+11 8.19712130e+12 5.26176810e-01 2.82740203e+11 4.31313514e+12 6.55532910e-02 3.79139350e-01
7.97500014e-01 2.07143718e-01 2.44580100e+12 3.75128027e+13 5.06632314e+11 7.77054144e+12 5.28135180e-01 2.67570348e+11 4.10389630e+12 6.51991007e-02 3.78788856e-01
8.02500010e-01 2.06061344e-01 2.32072200e+12 3.58005351e+13 4.78211095e+11 7.37710639e+12 5.30210197e-01 2.53552399e+11 3.91141703e+12 6.48236679e-02 3.78455128e-01
8.07500005e-01 2.05989438e-01 2.20405600e+12 3.41151012e+13 4.54012257e+11 7.02735052e+12 5.32026827e-01 2.41546700e+11 3.73873900e+12 6.46064623e-02 3.78136576e-01
8.12500000e-01 2.04547505e-01 2.08363000e+12 3.24615422e+13 4.26201318e+11 6.63992746e+12 5.34217477e-01 2.27684193e+11 3.54716529e+12 6.41876467e-02 3.77834541e-01
8.17499995e-01 2.04113408e-01 1.96058400e+12 3.08448993e+13 4.00181482e+11 6.29585750e+12 5.35954595e-01 2.14479104e+11 3.37429376e+12 6.35626650e-02 3.77547193e-01
8.22499990e-01 2.02722564e-01 1.84079900e+12 2.92702138e+13 3.73171493e+11 5.93373280e+12 5.38073361e-01 2.00793640e+11 3.19278355e+12 6.28898378e-02 3.77275204e-01
8.27499986e-01 2.02998672e-01 1.72777800e+12 2.77425271e+13 3.50736639e+11 5.63169616e+12 5.39642096e-01 1.89272255e+11 3.03910032e+12 6.22790416e-02 3.77016241e-01
8.32499981e-01 2.00929263e-01 1.61908900e+12 2.62668804e+13 3.25322359e+11 5.27778491e+12 5.41815162e-01 1.76264586e+11 2.85958389e+12 6.16399426e-02 3.76772470e-01
8.37499976e-01 2.01349345e-01 1.51519800e+12 2.48483150e+13 3.05084124e+11 5.00319195e+12 5.43536186e-01 1.65824261e+11 2.71941587e+12 6.09778973e-02 3.76540510e-01
8.42499971e-01 2.00455650e-01 1.41719900e+12 2.34918722e+13 2.84085547e+11 4.70907850e+12 5.44980645e-01 1.54821124e+11 2.56635664e+12 6.03272055e-02 3.76321468e-01
8.47500026e-01 1.99849612e-01 1.32204600e+12 2.22025783e+13 2.64210380e+11 4.43717665e+12 5.47124624e-01 1.44556005e+11 2.42768861e+12 5.95447062e-02 3.76114027e-01
8.52500021e-01 1.98694677e-01 1.23343800e+12 2.09742751e+13 2.45077565e+11 4.16747681e+12 5.48596501e-01 1.34448694e+11 2.28626320e+12 5.88071813e-02 3.75918465e-01
8.57500017e-01 1.99573849e-01 1.14807900e+12 1.97449570e+13 2.29126545e+11 3.94057707e+12 5.50498128e-01 1.26133734e+11 2.16928030e+12 5.81454293e-02 3.75732746e-01
8.62500012e-01 1.97447207e-01 1.06562400e+12 1.85093266e+13 2.10404482e+11 3.65461482e+12 5.52091837e-01 1.16162597e+11 2.01768301e+12 5.75722729e-02 3.75559888e-01
8.67500007e-01 1.98254860e-01 9.89287375e+11 1.72733552e+13 1.96131030e+11 3.42452661e+12 5.53543210e-01 1.08567000e+11 1.89562345e+12 5.72724502e-02 3.75397506e-01
8.72500002e-01 1.97704422e-01 9.15419812e+11 1.60430142e+13 1.80982545e+11 3.17177484e+12 5.55447519e-01 1.00526306e+11 1.76175447e+12 5.70603381e-02 3.75246639e-01
8.77499998e-01 1.96670886e-01 8.44200500e+11 1.48242747e+13 1.66029661e+11 2.91550325e+12 5.56665838e-01 9.24230401e+10 1.62296106e+12 5.69471704e-02 3.75107734e-01
8.82499993e-01 1.97254883e-01 7.76913125e+11 1.36231082e+13 1.53249908e+11 2.68722463e+12 5.58548391e-01 8.55974895e+10 1.50094499e+12 5.70290650e-02 3.74979414e-01
8.87499988e-01 1.96281048e-01 7.12246688e+11 1.24454859e+13 1.39800526e+11 2.44281302e+12 5.59772193e-01 7.82564470e+10 1.36741880e+12 5.72293192e-02 3.74862673e-01
8.92499983e-01 1.96033037e-01 6.49210375e+11 1.12973792e+13 1.27266682e+11 2.21465955e+12 5.61320126e-01 7.14373498e+10 1.24313298e+12 5.74655738e-02 3.74756695e-01
8.97499979e-01 1.96293030e-01 5.87484500e+11 1.01847591e+13 1.15319113e+11 1.99919723e+12 5.62540829e-01 6.48717093e+10 1.12463007e+12 5.76827092e-02 3.74660947e-01
9.02499974e-01 1.94359516e-01 5.28272812e+11 9.11359720e+12 1.02674848e+11 1.77131434e+12 5.64329147e-01 5.79424094e+10 9.99604310e+11 5.79653457e-02 3.74575967e-01
9.07500029e-01 1.95937081e-01 4.71645906e+11 8.08985274e+12 9.24129221e+10 1.58510213e+12 5.65533876e-01 5.22626381e+10 8.96428953e+11 5.83009260e-02 3.74499879e-01
9.12500024e-01 1.94010864e-01 4.17789812e+11 7.11952151e+12 8.10557626e+10 1.38126452e+12 5.66575289e-01 4.59241921e+10 7.82590345e+11 5.86822881e-02 3.74433563e-01
9.17500019e-01 1.94758612e-01 3.66669688e+11 6.20856231e+12 7.14120793e+10 1.20917098e+12 5.67900181e-01 4.05549327e+10 6.86688416e+11 5.90587111e-02 3.74375465e-01
9.22500014e-01 1.93813788e-01 3.18403812e+11 5.36294642e+12 6.17110490e+10 1.03941296e+12 5.68885803e-01 3.51065397e+10 5.91307277e+11 5.93710598e-02 3.74325504e-01
9.27500010e-01 1.92342352e-01 2.71048594e+11 4.58864513e+12 5.21341240e+10 8.82590796e+11 5.70537686e-01 2.97444825e+10 5.03551311e+11 5.90694172e-02 3.74282930e-01
9.32500005e-01 1.90106459e-01 2.25754000e+11 3.89162975e+12 4.29172935e+10 7.39823950e+11 5.71246386e-01 2.45163488e+10 4.22621758e+11 5.80101435e-02 3.74247087e-01
9.37500000e-01 1.87621059e-01 1.83150203e+11 3.27787155e+12 3.43628351e+10 6.14997732e+11 5.72108686e-01 1.96592764e+10 3.51845544e+11 5.58747347e-02 3.74217051e-01
9.42499995e-01 1.84307113e-01 1.43859797e+11 2.75334183e+12 2.65143838e+10 5.07460485e+11 5.73037505e-01 1.51937364e+10 2.90793890e+11 5.22491596e-02 3.74191949e-01
9.47499990e-01 1.81709330e-01 1.08923703e+11 2.32401189e+12 1.97924531e+10 4.22294642e+11 5.74756622e-01 1.13758435e+10 2.42716642e+11 4.68688235e-02 3.74170650e-01
9.52499986e-01 1.79797866e-01 7.87662422e+10 1.98315390e+12 1.41620023e+10 3.56566840e+11 5.74383676e-01 8.13442294e+09 2.04806172e+11 3.97176650e-02 3.74152287e-01
9.57499981e-01 1.78092643e-01 5.37777188e+10 1.66057648e+12 9.57741607e+09 2.95736455e+11 5.75308502e-01 5.50996889e+09 1.70139697e+11 3.23849695e-02 3.74136699e-01
9.62499976e-01 1.77395821e-01 3.43132812e+10 1.34963511e+12 6.08703270e+09 2.39419629e+11 5.77330351e-01 3.51422872e+09 1.38224218e+11 2.54241172e-02 3.74123778e-01
9.67499971e-01 1.75573084e-01 2.10640605e+10 1.05638826e+12 3.69828208e+09 1.85473344e+11 5.79314649e-01 2.14246899e+09 1.07447425e+11 1.99396959e-02 3.74113577e-01
9.72500026e-01 1.75093176e-01 1.38916797e+10 7.86891326e+11 2.43233832e+09 1.37779302e+11 5.82357883e-01 1.41649140e+09 8.02368626e+10 1.76538732e-02 3.74105911e-01
9.77500021e-01 1.70845720e-01 1.00265303e+10 5.47209273e+11 1.71298978e+09 9.34883622e+10 5.87240994e-01 1.00593782e+09 5.49001987e+10 1.83230270e-02 3.74100675e-01
9.82500017e-01 1.76120242e-01 7.22315088e+09 3.43397193e+11 1.27214308e+09 6.04791968e+10 5.56258142e-01 7.07639946e+08 3.36420456e+10 2.10343911e-02 3.74097492e-01
9.87500012e-01 1.91082286e-01 5.14983008e+09 1.81513548e+11 9.84041302e+08 3.46840236e+10 5.09120703e-01 5.00995799e+08 1.76583545e+10 2.83716016e-02 3.74095855e-01
9.92500007e-01 2.20046293e-01 3.63932300e+09 6.76168008e+10 8.00819536e+08 1.48788264e+10 4.80053306e-01 3.84436065e+08 7.14262979e+09 5.38227623e-02 3.74095242e-01
9.97500002e-01 2.78800430e-01 2.54433789e+09 7.76541381e+09 7.09362498e+08 2.16500071e+09 4.63385105e-01 3.28708016e+08 1.00322908e+09 3.27650007e-01 3.74095230e-01
