# pulse 104614  TRANSP M30  channel total (THNTX)  t_JET = 53.309 s
# equilibrium: TRANSP CDF (PSIRZ + boundary moments)  t_EQ = 53.309 s
# LOS R in [2.700, 3.100] m  (w_tor = 0.400 m)
# Rate_LOS = 4.5783e+15 n/s   Rate_tor = 2.0956e+17 n/s   rho_bnd = 0.307038584401949
#     rhot           THNTX [n/m3/s]   THKM14 [n/m3/s]  f               DVOL [m3]
2.49999994e-03 2.79519607e+16 1.66383363e+16 5.95247555e-01 1.92002300e-03
7.49999983e-03 2.79462613e+16 2.79462613e+16 1.00000000e+00 5.76050766e-03
1.25000002e-02 2.79281709e+16 2.79281709e+16 1.00000000e+00 9.60124563e-03
1.75000001e-02 2.79515720e+16 2.79515720e+16 1.00000000e+00 1.34413699e-02
2.25000009e-02 2.79883906e+16 2.79883906e+16 1.00000000e+00 1.72797702e-02
2.74999999e-02 2.80362301e+16 2.80362301e+16 1.00000000e+00 2.11175606e-02
3.24999988e-02 2.80944913e+16 2.38149198e+16 8.47672217e-01 2.49552298e-02
3.75000015e-02 2.81628801e+16 2.68320168e+16 9.52744063e-01 2.87921987e-02
4.25000004e-02 2.82411709e+16 2.76912777e+16 9.80528667e-01 3.26303579e-02
4.74999994e-02 2.83295592e+16 2.79861252e+16 9.87877186e-01 3.64687704e-02
5.24999984e-02 2.84279011e+16 2.82250600e+16 9.92864721e-01 4.03079502e-02
5.75000010e-02 2.85362309e+16 2.83737515e+16 9.94306207e-01 4.41471413e-02
6.25000000e-02 2.86539194e+16 2.84456799e+16 9.92732599e-01 4.79831807e-02
6.75000027e-02 2.87744791e+16 2.72546363e+16 9.47180875e-01 5.18221222e-02
7.24999979e-02 2.88947296e+16 2.48442919e+16 8.59820881e-01 5.56556731e-02
7.75000006e-02 2.90300705e+16 2.38807829e+16 8.22622283e-01 5.94903380e-02
8.25000033e-02 2.91790393e+16 2.32449810e+16 7.96632841e-01 6.33235574e-02
8.74999985e-02 2.93640815e+16 2.26609331e+16 7.71722866e-01 6.71504512e-02
9.25000012e-02 2.95927499e+16 2.22630316e+16 7.52313714e-01 7.09799752e-02
9.74999964e-02 2.96786492e+16 2.22699694e+16 7.50370048e-01 7.48105496e-02
1.02499999e-01 2.96865197e+16 2.16807788e+16 7.30324031e-01 7.86441192e-02
1.07500002e-01 2.96802104e+16 2.13139732e+16 7.18120691e-01 8.24650228e-02
1.12499997e-01 2.96678195e+16 2.10222125e+16 7.08586370e-01 8.62875357e-02
1.17500000e-01 2.96543182e+16 2.04412717e+16 6.89318551e-01 9.01125073e-02
1.22500002e-01 2.96375593e+16 2.00014931e+16 6.74869779e-01 9.39324349e-02
1.27499998e-01 2.96226600e+16 2.02609934e+16 6.83969414e-01 9.77387950e-02
1.32499993e-01 2.96063585e+16 2.01906475e+16 6.81969974e-01 1.01557098e-01
1.37500003e-01 2.95914292e+16 1.98376758e+16 6.70385864e-01 1.05366901e-01
1.42499998e-01 2.95775693e+16 1.94459537e+16 6.57456112e-01 1.09164394e-01
1.47499993e-01 2.95637395e+16 1.91275742e+16 6.46994409e-01 1.12990499e-01
1.52500004e-01 2.95523407e+16 1.90740306e+16 6.45432143e-01 1.16775706e-01
1.57499999e-01 2.95417901e+16 1.92135039e+16 6.50383874e-01 1.20592400e-01
1.62499994e-01 2.95315401e+16 1.90507356e+16 6.45097936e-01 1.24380998e-01
1.67500004e-01 2.95236782e+16 1.89425018e+16 6.41603721e-01 1.28168702e-01
1.72499999e-01 2.95162587e+16 1.87688869e+16 6.35882994e-01 1.31963700e-01
1.77499995e-01 2.95103703e+16 1.84470572e+16 6.25104229e-01 1.35736704e-01
1.82500005e-01 2.95069407e+16 1.82540110e+16 6.18634483e-01 1.39537007e-01
1.87500000e-01 2.95031289e+16 1.84061398e+16 6.23870772e-01 1.43303409e-01
1.92499995e-01 2.95014603e+16 1.85939893e+16 6.30273523e-01 1.47068709e-01
1.97500005e-01 2.95013701e+16 1.83330717e+16 6.21431193e-01 1.50853097e-01
2.02500001e-01 2.95014818e+16 1.81183013e+16 6.14148856e-01 1.54623598e-01
2.07499996e-01 2.95041597e+16 1.79883048e+16 6.09687073e-01 1.58403099e-01
2.12500006e-01 2.95075699e+16 1.79607647e+16 6.08683290e-01 1.62122905e-01
2.17500001e-01 2.95117597e+16 1.78949184e+16 6.06365685e-01 1.65897697e-01
2.22499996e-01 2.95178306e+16 1.80482387e+16 6.11435132e-01 1.69655204e-01
2.27500007e-01 2.95240712e+16 1.79997924e+16 6.09664983e-01 1.73390999e-01
2.32500002e-01 2.95139995e+16 1.78382261e+16 6.04398806e-01 1.77138209e-01
2.37499997e-01 2.94674485e+16 1.76338774e+16 5.98418875e-01 1.80867404e-01
2.42500007e-01 2.93864111e+16 1.75018766e+16 5.95577207e-01 1.84582591e-01
2.47500002e-01 2.92678420e+16 1.74693778e+16 5.96879597e-01 1.88315496e-01
2.52499998e-01 2.91092804e+16 1.75493750e+16 6.02879038e-01 1.92038506e-01
2.57499993e-01 2.89139797e+16 1.73258484e+16 5.99220465e-01 1.95746407e-01
2.62499988e-01 2.86792984e+16 1.70239664e+16 5.93597728e-01 1.99495092e-01
2.67500013e-01 2.84032995e+16 1.68112846e+16 5.91877875e-01 2.03140706e-01
2.72500008e-01 2.80892815e+16 1.65410948e+16 5.88875682e-01 2.06866592e-01
2.77500004e-01 2.77359689e+16 1.63025906e+16 5.87777938e-01 2.10559905e-01
2.82499999e-01 2.73645101e+16 1.61980344e+16 5.91935846e-01 2.14253202e-01
2.87499994e-01 2.69544309e+16 1.60179211e+16 5.94259294e-01 2.17893094e-01
2.92499989e-01 2.65073291e+16 1.56188479e+16 5.89227522e-01 2.21575901e-01
2.97500014e-01 2.60235096e+16 1.51966251e+16 5.83957555e-01 2.25277290e-01
3.02500010e-01 2.55142597e+16 1.48504735e+16 5.82046030e-01 2.28930295e-01
3.07500005e-01 2.49936087e+16 1.45849493e+16 5.83547159e-01 2.32581005e-01
3.12500000e-01 2.44386001e+16 1.43389669e+16 5.86734380e-01 2.36181408e-01
3.17499995e-01 2.38505697e+16 1.39980752e+16 5.86907371e-01 2.39869088e-01
3.22499990e-01 2.32626789e+16 1.35915857e+16 5.84265713e-01 2.43506297e-01
3.27499986e-01 2.26472788e+16 1.31766484e+16 5.81820383e-01 2.47077793e-01
3.32500011e-01 2.20038004e+16 1.27369001e+16 5.78850014e-01 2.50708699e-01
3.37500006e-01 2.13711495e+16 1.18631940e+16 5.55103225e-01 2.54339486e-01
3.42500001e-01 2.07105599e+16 1.08281256e+16 5.22831135e-01 2.57922590e-01
3.47499996e-01 2.00457205e+16 1.00897754e+16 5.03338126e-01 2.61542916e-01
3.52499992e-01 1.93777994e+16 9.39333167e+15 4.84747080e-01 2.65070826e-01
3.57499987e-01 1.86970814e+16 8.73466059e+15 4.67167062e-01 2.68721700e-01
3.62500012e-01 1.80281209e+16 8.19793917e+15 4.54730651e-01 2.72249401e-01
3.67500007e-01 1.73456195e+16 7.67306782e+15 4.42363435e-01 2.75765002e-01
3.72500002e-01 1.66853896e+16 7.28532510e+15 4.36629008e-01 2.79350400e-01
3.77499998e-01 1.60139702e+16 6.88057821e+15 4.29660984e-01 2.82902420e-01
3.82499993e-01 1.53680898e+16 6.43706267e+15 4.18858995e-01 2.86407918e-01
3.87499988e-01 1.47195401e+16 6.02900604e+15 4.09592011e-01 2.89985687e-01
3.92500013e-01 1.40970404e+16 5.63995326e+15 4.00080661e-01 2.93511808e-01
3.97500008e-01 1.34797602e+16 5.28050011e+15 3.91735463e-01 2.96907097e-01
4.02500004e-01 1.28859509e+16 5.02296795e+15 3.89801884e-01 3.00488681e-01
4.07499999e-01 1.23086096e+16 4.74180229e+15 3.85242723e-01 3.03960085e-01
4.12499994e-01 1.17504002e+16 4.43608225e+15 3.77526055e-01 3.07442695e-01
4.17499989e-01 1.12184803e+16 4.15769252e+15 3.70611026e-01 3.10841799e-01
4.22500014e-01 1.07017303e+16 3.89149175e+15 3.63632016e-01 3.14280808e-01
4.27500010e-01 1.02173503e+16 3.65083476e+15 3.57317176e-01 3.17831010e-01
4.32500005e-01 9.74074209e+15 3.45866129e+15 3.55071642e-01 3.21211398e-01
4.37500000e-01 9.29929998e+15 3.28843777e+15 3.53622076e-01 3.24625403e-01
4.42499995e-01 8.86532897e+15 3.08144219e+15 3.47583514e-01 3.28031600e-01
4.47499990e-01 8.46047891e+15 2.88504058e+15 3.41002042e-01 3.31423104e-01
4.52499986e-01 8.06504181e+15 2.70251854e+15 3.35090456e-01 3.34843189e-01
4.57500011e-01 7.69378591e+15 2.55085711e+15 3.31547711e-01 3.38259310e-01
4.62500006e-01 7.33382201e+15 2.41595218e+15 3.29426073e-01 3.41479093e-01
4.67500001e-01 6.99515203e+15 2.28852245e+15 3.27158358e-01 3.44900578e-01
4.72499996e-01 6.66754696e+15 2.15671831e+15 3.23465035e-01 3.48307580e-01
4.77499992e-01 6.35804303e+15 2.02736692e+15 3.18866499e-01 3.51579607e-01
4.82499987e-01 6.06018704e+15 1.89784774e+15 3.13166529e-01 3.54875416e-01
4.87500012e-01 5.77890534e+15 1.78565625e+15 3.08995588e-01 3.58142674e-01
4.92500007e-01 5.50734798e+15 1.69857198e+15 3.08419223e-01 3.61445308e-01
4.97500002e-01 5.25187044e+15 1.61796419e+15 3.08073897e-01 3.64756197e-01
5.02499998e-01 5.00447173e+15 1.51975247e+15 3.03678900e-01 3.68044496e-01
5.07499993e-01 4.77274644e+15 1.42405273e+15 2.98371755e-01 3.71278197e-01
5.12499988e-01 4.54619282e+15 1.34038586e+15 2.94837001e-01 3.74429822e-01
5.17499983e-01 4.33590209e+15 1.26897239e+15 2.92666291e-01 3.77652913e-01
5.22499979e-01 4.12904922e+15 1.20158459e+15 2.91007573e-01 3.80915314e-01
5.27499974e-01 3.93850702e+15 1.14115817e+15 2.89743845e-01 3.84140700e-01
5.32500029e-01 3.75107089e+15 1.07560178e+15 2.86745256e-01 3.87309492e-01
5.37500024e-01 3.57578710e+15 1.01307780e+15 2.83316029e-01 3.90382409e-01
5.42500019e-01 3.40657693e+15 9.54162846e+14 2.80094319e-01 3.93558413e-01
5.47500014e-01 3.24540694e+15 9.00005284e+14 2.77316620e-01 3.96669805e-01
5.52500010e-01 3.09221808e+15 8.52623574e+14 2.75732032e-01 3.99794012e-01
5.57500005e-01 2.94327505e+15 8.11608689e+14 2.75750201e-01 4.02926326e-01
5.62500000e-01 2.80493496e+15 7.67042504e+14 2.73461779e-01 4.06058699e-01
5.67499995e-01 2.66881215e+15 7.18381024e+14 2.69176317e-01 4.09012318e-01
5.72499990e-01 2.54197720e+15 6.75289810e+14 2.65655337e-01 4.12048906e-01
5.77499986e-01 2.41877606e+15 6.41585647e+14 2.65252190e-01 4.15162891e-01
5.82499981e-01 2.30104081e+15 6.07619973e+14 2.64063102e-01 4.18176502e-01
5.87499976e-01 2.18993000e+15 5.76788065e+14 2.63381964e-01 4.21171188e-01
5.92499971e-01 2.08091595e+15 5.41073597e+14 2.60017036e-01 4.24153894e-01
5.97500026e-01 1.98040298e+15 5.08866079e+14 2.56950775e-01 4.26993400e-01
6.02500021e-01 1.88226204e+15 4.81045144e+14 2.55567575e-01 4.30114806e-01
6.07500017e-01 1.78908795e+15 4.56603006e+14 2.55215516e-01 4.32974607e-01
6.12500012e-01 1.70090301e+15 4.29837103e+14 2.52711119e-01 4.35743093e-01
6.17500007e-01 1.61467000e+15 4.05624226e+14 2.51211842e-01 4.38792318e-01
6.22500002e-01 1.53513701e+15 3.83011525e+14 2.49496640e-01 4.41585004e-01
6.27499998e-01 1.45789793e+15 3.60356678e+14 2.47175520e-01 4.44588602e-01
6.32499993e-01 1.38414005e+15 3.41636311e+14 2.46822069e-01 4.47285801e-01
6.37499988e-01 1.31484505e+15 3.20963664e+14 2.44107596e-01 4.50068176e-01
6.42499983e-01 1.24710294e+15 3.02741563e+14 2.42755872e-01 4.53025311e-01
6.47499979e-01 1.18408812e+15 2.86877109e+14 2.42276823e-01 4.55633819e-01
6.52499974e-01 1.12356593e+15 2.70450001e+14 2.40706838e-01 4.58364010e-01
6.57500029e-01 1.06521497e+15 2.53529453e+14 2.38007782e-01 4.61261183e-01
6.62500024e-01 1.01145795e+15 2.39725065e+14 2.37009423e-01 4.63795692e-01
6.67500019e-01 9.59315305e+14 2.26092911e+14 2.35681542e-01 4.66443598e-01
6.72500014e-01 9.10617221e+14 2.14276891e+14 2.35309508e-01 4.69385803e-01
6.77500010e-01 8.64729925e+14 2.02434882e+14 2.34101857e-01 4.71995801e-01
6.82500005e-01 8.20114274e+14 1.89133449e+14 2.30618409e-01 4.74223107e-01
6.87500000e-01 7.79374295e+14 1.79724106e+14 2.30600504e-01 4.77119893e-01
6.92499995e-01 7.39884084e+14 1.69715527e+14 2.29381238e-01 4.79810089e-01
6.97499990e-01 7.02349291e+14 1.60446498e+14 2.28442599e-01 4.82139915e-01
7.02499986e-01 6.67525898e+14 1.52061047e+14 2.27797974e-01 4.84985799e-01
7.07499981e-01 6.33496872e+14 1.42290365e+14 2.24610998e-01 4.87196416e-01
7.12499976e-01 6.01941613e+14 1.35215637e+14 2.24632479e-01 4.89548177e-01
7.17499971e-01 5.71733363e+14 1.28165583e+14 2.24170200e-01 4.92317587e-01
7.22500026e-01 5.42649019e+14 1.20745533e+14 2.22511290e-01 4.94748175e-01
7.27500021e-01 5.15827820e+14 1.13750344e+14 2.20519986e-01 4.96966302e-01
7.32500017e-01 4.89563894e+14 1.07729307e+14 2.20051577e-01 4.99601692e-01
7.37500012e-01 4.65032886e+14 1.01776326e+14 2.18858341e-01 5.01727164e-01
7.42500007e-01 4.41531194e+14 9.69102153e+13 2.19486679e-01 5.04099190e-01
7.47500002e-01 4.18885879e+14 9.09898698e+13 2.17218757e-01 5.06382167e-01
7.52499998e-01 3.97900702e+14 8.53007747e+13 2.14377040e-01 5.08967519e-01
7.57499993e-01 3.77176378e+14 8.08820119e+13 2.14440820e-01 5.11035383e-01
7.62499988e-01 3.58078604e+14 7.67288977e+13 2.14279482e-01 5.13310909e-01
7.67499983e-01 3.39423984e+14 7.28945487e+13 2.14759569e-01 5.15338600e-01
7.72499979e-01 3.21824886e+14 6.83592145e+13 2.12411213e-01 5.17666578e-01
7.77499974e-01 3.05028007e+14 6.41372502e+13 2.10266758e-01 5.20096481e-01
7.82500029e-01 2.88756423e+14 6.02599555e+13 2.08687845e-01 5.21743834e-01
7.87500024e-01 2.73498585e+14 5.72555021e+13 2.09344784e-01 5.24064600e-01
7.92500019e-01 2.58495509e+14 5.42147558e+13 2.09731906e-01 5.26176810e-01
7.97500014e-01 2.44565605e+14 5.10647283e+13 2.08797669e-01 5.28135180e-01
8.02500010e-01 2.30796393e+14 4.76801015e+13 2.06589457e-01 5.30210197e-01
8.07500005e-01 2.18036397e+14 4.47696733e+13 2.05331192e-01 5.32026827e-01
8.12500000e-01 2.04868095e+14 4.16984336e+13 2.03537958e-01 5.34217477e-01
8.17499995e-01 1.91576999e+14 3.93874020e+13 2.05595672e-01 5.35954595e-01
8.22499990e-01 1.78644601e+14 3.65581816e+13 2.04641961e-01 5.38073361e-01
8.27499986e-01 1.66505598e+14 3.38297646e+13 2.03174939e-01 5.39642096e-01
8.32499981e-01 1.54864089e+14 3.11484610e+13 2.01134177e-01 5.41815162e-01
8.37499976e-01 1.43750408e+14 2.88368487e+13 2.00603596e-01 5.43536186e-01
8.42499971e-01 1.33337293e+14 2.69986560e+13 2.02483907e-01 5.44980645e-01
8.47500026e-01 1.23241796e+14 2.47070811e+13 2.00476476e-01 5.47124624e-01
8.52500021e-01 1.13889295e+14 2.26064664e+13 1.98495094e-01 5.48596501e-01
8.57500017e-01 1.04939196e+14 2.07001458e+13 1.97258475e-01 5.50498128e-01
8.62500012e-01 9.63392118e+13 1.91233060e+13 1.98499714e-01 5.52091837e-01
8.67500007e-01 8.84318080e+13 1.76568081e+13 1.99665805e-01 5.53543210e-01
8.72500002e-01 8.08539086e+13 1.59713755e+13 1.97533747e-01 5.55447519e-01
8.77499998e-01 7.36086091e+13 1.43230685e+13 1.94584148e-01 5.56665838e-01
8.82499993e-01 6.68203001e+13 1.30072250e+13 1.94659782e-01 5.58548391e-01
8.87499988e-01 6.03968493e+13 1.18554400e+13 1.96292358e-01 5.59772193e-01
8.92499983e-01 5.42164208e+13 1.05528703e+13 1.94643434e-01 5.61320126e-01
8.97499979e-01 4.82633989e+13 9.40708006e+12 1.94911263e-01 5.62540829e-01
9.02499974e-01 4.26667126e+13 8.25882547e+12 1.93566013e-01 5.64329147e-01
9.07500029e-01 3.74258711e+13 7.28208988e+12 1.94573691e-01 5.65533876e-01
9.12500024e-01 3.25591404e+13 6.26349557e+12 1.92372878e-01 5.66575289e-01
9.17500019e-01 2.80676700e+13 5.37774722e+12 1.91599346e-01 5.67900181e-01
9.22500014e-01 2.39508893e+13 4.61532369e+12 1.92699470e-01 5.68885803e-01
9.27500010e-01 2.02403207e+13 3.90829570e+12 1.93094554e-01 5.70537686e-01
9.32500005e-01 1.67941295e+13 3.22266144e+12 1.91892139e-01 5.71246386e-01
9.37500000e-01 1.35977700e+13 2.59267727e+12 1.90669299e-01 5.72108686e-01
9.42499995e-01 1.06900404e+13 2.03703117e+12 1.90554113e-01 5.73037505e-01
9.47499990e-01 8.12481826e+12 1.54794483e+12 1.90520549e-01 5.74756622e-01
9.52499986e-01 5.92181776e+12 1.10799170e+12 1.87103309e-01 5.74383676e-01
9.57499981e-01 4.10078203e+12 7.59352277e+11 1.85172553e-01 5.75308502e-01
9.62499976e-01 2.67342787e+12 4.94321473e+11 1.84901743e-01 5.77330351e-01
9.67499971e-01 1.70148495e+12 3.09770612e+11 1.82058978e-01 5.79314649e-01
9.72500026e-01 1.19500597e+12 2.17929410e+11 1.82366796e-01 5.82357883e-01
9.77500021e-01 9.41938901e+11 1.62128722e+11 1.72122334e-01 5.87240994e-01
9.82500017e-01 7.40761666e+11 1.42314237e+11 1.92118793e-01 5.56258142e-01
9.87500012e-01 5.86943627e+11 1.28552093e+11 2.19019488e-01 5.09120703e-01
9.92500007e-01 4.65873994e+11 1.06476471e+11 2.28552082e-01 4.80053306e-01
9.97500002e-01 3.66352105e+11 6.88046120e+10 1.87810063e-01 4.63385105e-01
