# pulse 104614  TRANSP M29  channel dd (THNTX_DD)  t_JET = 53.527 s
# equilibrium: TRANSP CDF (PSIRZ + boundary moments)  t_EQ = 53.529 s
# real LOS (KM9.los): chord_kind = horizontal   Rate_det = 2.9648e+07 n/s   Rate_chord = 9.2521e+13 n/s   rho_50 = 0.2717
#     rhot           THNTX [n/m3/s]   f_det           THLOS_det [n/m3/s]  DVOL [m3]
2.49999994e-03 1.81164606e+14 1.16866212e-08 2.11720212e+06 1.91790692e-03
7.49999983e-03 1.80523012e+14 1.16866212e-08 2.10970405e+06 5.75413462e-03
1.25000002e-02 1.79987500e+14 1.76235408e-08 3.17201704e+06 9.59060807e-03
1.75000001e-02 1.79833703e+14 2.09550723e-08 3.76842826e+06 1.34264808e-02
2.25000009e-02 1.79769497e+14 2.25966169e-08 4.06218246e+06 1.72607116e-02
2.74999999e-02 1.79771208e+14 2.16826139e-08 3.89790970e+06 2.10942104e-02
3.24999988e-02 1.79840095e+14 2.16832099e-08 3.89951053e+06 2.49277595e-02
3.75000015e-02 1.79973994e+14 2.43138798e-08 4.37586606e+06 2.87605189e-02
4.25000004e-02 1.80175807e+14 2.28040740e-08 4.10874245e+06 3.25945094e-02
4.74999994e-02 1.80443387e+14 2.14068320e-08 3.86272128e+06 3.64288203e-02
5.24999984e-02 1.80784988e+14 2.21084675e-08 3.99687903e+06 4.02636789e-02
5.75000010e-02 1.81233896e+14 2.13069798e-08 3.86154697e+06 4.40989509e-02
6.25000000e-02 1.81779508e+14 2.14453991e-08 3.89833409e+06 4.79308702e-02
6.75000027e-02 1.82376492e+14 2.06610800e-08 3.76809528e+06 5.17657399e-02
7.24999979e-02 1.82978206e+14 1.91927330e-08 3.51185186e+06 5.55952899e-02
7.75000006e-02 1.83715112e+14 2.08357328e-08 3.82783899e+06 5.94257191e-02
8.25000033e-02 1.84533689e+14 2.02018894e-08 3.72792918e+06 6.32546023e-02
8.74999985e-02 1.85617195e+14 1.89786192e-08 3.52275807e+06 6.70777559e-02
9.25000012e-02 1.87192895e+14 1.90082250e-08 3.55820466e+06 7.09034279e-02
9.74999964e-02 1.87564611e+14 1.87630292e-08 3.51928027e+06 7.47298002e-02
1.02499999e-01 1.87440795e+14 1.83544401e-08 3.44037084e+06 7.85587803e-02
1.07500002e-01 1.87278492e+14 1.81249495e-08 3.39441322e+06 8.23760256e-02
1.12499997e-01 1.87069096e+14 1.75402101e-08 3.28123124e+06 8.61949399e-02
1.17500000e-01 1.86863290e+14 1.71716675e-08 3.20875428e+06 9.00148302e-02
1.22500002e-01 1.86625288e+14 1.73933126e-08 3.24603198e+06 9.38305482e-02
1.27499998e-01 1.86398007e+14 1.70221400e-08 3.17289298e+06 9.76336524e-02
1.32499993e-01 1.86152808e+14 1.63404219e-08 3.04181542e+06 1.01447895e-01
1.37500003e-01 1.85914890e+14 1.62082115e-08 3.01334786e+06 1.05253205e-01
1.42499998e-01 1.85668500e+14 1.61508859e-08 2.99871076e+06 1.09047398e-01
1.47499993e-01 1.85410400e+14 1.57372965e-08 2.91785843e+06 1.12867497e-01
1.52500004e-01 1.85177599e+14 1.54842806e-08 2.86734191e+06 1.16650902e-01
1.57499999e-01 1.84933792e+14 1.50472528e-08 2.78274553e+06 1.20462000e-01
1.62499994e-01 1.84700103e+14 1.46984907e-08 2.71481274e+06 1.24247603e-01
1.67500004e-01 1.84488307e+14 1.46881387e-08 2.70978984e+06 1.28030896e-01
1.72499999e-01 1.84270807e+14 1.43888958e-08 2.65145344e+06 1.31822005e-01
1.77499995e-01 1.84070101e+14 1.36326256e-08 2.50935877e+06 1.35591790e-01
1.82500005e-01 1.83888404e+14 1.38612803e-08 2.54892871e+06 1.39387086e-01
1.87500000e-01 1.83699593e+14 1.34563327e-08 2.47192284e+06 1.43149704e-01
1.92499995e-01 1.83534002e+14 1.32036632e-08 2.42332115e+06 1.46912798e-01
1.97500005e-01 1.83385406e+14 1.28255199e-08 2.35201318e+06 1.50690302e-01
2.02500001e-01 1.83241911e+14 1.26829165e-08 2.32404186e+06 1.54458702e-01
2.07499996e-01 1.83111803e+14 1.24524831e-08 2.28019664e+06 1.58232093e-01
2.12500006e-01 1.82993793e+14 1.24172123e-08 2.27227277e+06 1.61951199e-01
2.17500001e-01 1.82892894e+14 1.20895178e-08 2.21108690e+06 1.65718406e-01
2.22499996e-01 1.82807012e+14 1.19129166e-08 2.17776469e+06 1.69475496e-01
2.27500007e-01 1.82747100e+14 1.17514941e-08 2.14755148e+06 1.73205912e-01
2.32500002e-01 1.82610299e+14 1.16903845e-08 2.13478460e+06 1.76949203e-01
2.37499997e-01 1.82300306e+14 1.14416183e-08 2.08581051e+06 1.80673793e-01
2.42500007e-01 1.81824404e+14 1.14749305e-08 2.08642239e+06 1.84386909e-01
2.47500002e-01 1.81159204e+14 1.14530420e-08 2.07482396e+06 1.88115090e-01
2.52499998e-01 1.80308901e+14 1.12373423e-08 2.02619285e+06 1.91835493e-01
2.57499993e-01 1.79277908e+14 1.11251414e-08 1.99449206e+06 1.95540100e-01
2.62499988e-01 1.78031109e+14 1.11338895e-08 1.98217869e+06 1.99281499e-01
2.67500013e-01 1.76569897e+14 1.10413031e-08 1.94956176e+06 2.02927798e-01
2.72500008e-01 1.74912795e+14 1.10111619e-08 1.92599310e+06 2.06647098e-01
2.77500004e-01 1.73030894e+14 1.08243833e-08 1.87295273e+06 2.10337803e-01
2.82499999e-01 1.71032392e+14 1.06691915e-08 1.82477735e+06 2.14023292e-01
2.87499994e-01 1.68831004e+14 1.08819267e-08 1.83720661e+06 2.17664912e-01
2.92499989e-01 1.66435200e+14 1.07984570e-08 1.79724335e+06 2.21343204e-01
2.97500014e-01 1.63827199e+14 1.06772555e-08 1.74922486e+06 2.25038290e-01
3.02500010e-01 1.61068706e+14 1.02603284e-08 1.65261782e+06 2.28691697e-01
3.07500005e-01 1.58248406e+14 1.07483200e-08 1.70090449e+06 2.32336000e-01
3.12500000e-01 1.55239009e+14 1.05507052e-08 1.63788103e+06 2.35933796e-01
3.17499995e-01 1.52045600e+14 1.03695220e-08 1.57664019e+06 2.39619300e-01
3.22499990e-01 1.48811993e+14 1.02133880e-08 1.51987463e+06 2.43251503e-01
3.27499986e-01 1.45427207e+14 1.03651576e-08 1.50737592e+06 2.46820495e-01
3.32500011e-01 1.41890503e+14 1.03129181e-08 1.46330513e+06 2.50447989e-01
3.37500006e-01 1.38391396e+14 1.02691478e-08 1.42116170e+06 2.54071712e-01
3.42500001e-01 1.34715810e+14 9.76613863e-09 1.31565328e+06 2.57655412e-01
3.47499996e-01 1.31005101e+14 1.00292012e-08 1.31387652e+06 2.61272192e-01
3.52499992e-01 1.27256492e+14 1.01132616e-08 1.28697819e+06 2.64798105e-01
3.57499987e-01 1.23423997e+14 1.00539302e-08 1.24089625e+06 2.68438816e-01
3.62500012e-01 1.19626197e+14 9.54176526e-09 1.14144509e+06 2.71968991e-01
3.67500007e-01 1.15738002e+14 9.79589415e-09 1.13375722e+06 2.75484413e-01
3.72500002e-01 1.11947106e+14 9.65970760e-09 1.08137631e+06 2.79060900e-01
3.77499998e-01 1.08073004e+14 9.81830509e-09 1.06109372e+06 2.82612085e-01
3.82499993e-01 1.04316401e+14 9.38507912e-09 9.79017673e+05 2.86115319e-01
3.87499988e-01 1.00539799e+14 9.46776407e-09 9.51887095e+05 2.89688319e-01
3.92500013e-01 9.68675935e+13 9.39110268e-09 9.09693517e+05 2.93206602e-01
3.97500008e-01 9.32191614e+13 9.38117215e-09 8.74505001e+05 2.96608984e-01
4.02500004e-01 8.96889499e+13 9.18763152e-09 8.24029023e+05 3.00176680e-01
4.07499999e-01 8.62440674e+13 9.06622370e-09 7.81908008e+05 3.03647816e-01
4.12499994e-01 8.28848661e+13 9.23729813e-09 7.65632218e+05 3.07136506e-01
4.17499989e-01 7.96514352e+13 9.04896961e-09 7.20763416e+05 3.10528696e-01
4.22500014e-01 7.65002043e+13 8.77656296e-09 6.71408859e+05 3.13964188e-01
4.27500010e-01 7.35219129e+13 8.84251311e-09 6.50118479e+05 3.17510098e-01
4.32500005e-01 7.05768152e+13 8.83936617e-09 6.23854313e+05 3.20886701e-01
4.37500000e-01 6.78172400e+13 8.79899027e-09 5.96723235e+05 3.24294984e-01
4.42499995e-01 6.50966802e+13 8.66782930e-09 5.64246912e+05 3.27705592e-01
4.47499990e-01 6.25306805e+13 8.20037066e-09 5.12774758e+05 3.31089586e-01
4.52499986e-01 6.00173781e+13 8.60357428e-09 5.16363970e+05 3.34503591e-01
4.57500011e-01 5.76391406e+13 8.54518216e-09 4.92536956e+05 3.37925106e-01
4.62500006e-01 5.53298407e+13 8.37138228e-09 4.63187248e+05 3.41148674e-01
4.67500001e-01 5.31339506e+13 7.90638165e-09 4.20097292e+05 3.44551414e-01
4.72499996e-01 5.10037265e+13 8.14308286e-09 4.15327571e+05 3.47954005e-01
4.77499992e-01 4.89744383e+13 8.28033843e-09 4.05524924e+05 3.51238400e-01
4.82499987e-01 4.70125526e+13 8.20202870e-09 3.85598306e+05 3.54527503e-01
4.87500012e-01 4.51409200e+13 7.58443021e-09 3.42368157e+05 3.57786089e-01
4.92500007e-01 4.33231128e+13 7.87566195e-09 3.41198191e+05 3.61093819e-01
4.97500002e-01 4.15906472e+13 7.86219730e-09 3.26993874e+05 3.64400893e-01
5.02499998e-01 3.99066299e+13 7.94517354e-09 3.17065100e+05 3.67680013e-01
5.07499993e-01 3.83078619e+13 7.37710193e-09 2.82601002e+05 3.70916605e-01
5.12499988e-01 3.67357403e+13 7.52313991e-09 2.76368114e+05 3.74071002e-01
5.17499983e-01 3.52569797e+13 7.50695650e-09 2.64672613e+05 3.77293408e-01
5.22499979e-01 3.37972591e+13 7.52788664e-09 2.54421935e+05 3.80548507e-01
5.27499974e-01 3.24298510e+13 7.15991896e-09 2.32195105e+05 3.83769602e-01
5.32500029e-01 3.10726602e+13 7.11657783e-09 2.21131005e+05 3.86936009e-01
5.37500024e-01 2.97865293e+13 7.29057620e-09 2.17160962e+05 3.90015393e-01
5.42500019e-01 2.85361591e+13 7.17976860e-09 2.04883019e+05 3.93189013e-01
5.47500014e-01 2.73331907e+13 6.99857327e-09 1.91293338e+05 3.96284103e-01
5.52500010e-01 2.61751203e+13 6.49909924e-09 1.70114705e+05 3.99412900e-01
5.57500005e-01 2.50433692e+13 7.03716230e-09 1.76234254e+05 4.02552903e-01
5.62500000e-01 2.39766906e+13 6.98263012e-09 1.67420362e+05 4.05666590e-01
5.67499995e-01 2.29235197e+13 6.88037807e-09 1.57722482e+05 4.08630908e-01
5.72499990e-01 2.19319800e+13 6.14930811e-09 1.34866502e+05 4.11677986e-01
5.77499986e-01 2.09624498e+13 6.59422447e-09 1.38231100e+05 4.14768696e-01
5.82499981e-01 2.00336904e+13 6.67189797e-09 1.33662738e+05 4.17787701e-01
5.87499976e-01 1.91481806e+13 6.67991163e-09 1.27908154e+05 4.20788825e-01
5.92499971e-01 1.82764091e+13 6.03430929e-09 1.10285506e+05 4.23758000e-01
5.97500026e-01 1.74619498e+13 6.26480014e-09 1.09395625e+05 4.26599801e-01
6.02500021e-01 1.66642298e+13 6.33465239e-09 1.05562103e+05 4.29710597e-01
6.07500017e-01 1.59043404e+13 6.32477340e-09 1.00591349e+05 4.32585686e-01
6.12500012e-01 1.51772400e+13 6.09041013e-09 9.24356163e+04 4.35365915e-01
6.17500007e-01 1.44643803e+13 5.83604455e-09 8.44147679e+04 4.38392997e-01
6.22500002e-01 1.37997603e+13 6.12638618e-09 8.45426609e+04 4.41189677e-01
6.27499998e-01 1.31526600e+13 6.12755925e-09 8.05937032e+04 4.44174200e-01
6.32499993e-01 1.25309603e+13 6.03270419e-09 7.55955767e+04 4.46886599e-01
6.37499988e-01 1.19398203e+13 5.33402112e-09 6.36872539e+04 4.49670196e-01
6.42499983e-01 1.13606803e+13 5.95779101e-09 6.76845588e+04 4.52624321e-01
6.47499979e-01 1.08170502e+13 5.97451482e-09 6.46266270e+04 4.55230683e-01
6.52499974e-01 1.02921604e+13 5.96039284e-09 6.13453190e+04 4.57975894e-01
6.57500029e-01 9.78531962e+12 5.22377937e-09 5.11163507e+04 4.60847825e-01
6.62500024e-01 9.31231852e+12 5.58929194e-09 5.20492669e+04 4.63386506e-01
6.67500019e-01 8.85452492e+12 5.73878658e-09 5.08142288e+04 4.66051817e-01
6.72500014e-01 8.42621203e+12 5.91482935e-09 4.98396062e+04 4.68959808e-01
6.77500010e-01 8.02042990e+12 5.51637418e-09 4.42436924e+04 4.71590579e-01
6.82500005e-01 7.62640178e+12 5.12697598e-09 3.91003787e+04 4.73839819e-01
6.87500000e-01 7.26415389e+12 5.60470362e-09 4.07134296e+04 4.76700485e-01
6.92499995e-01 6.91243791e+12 5.68113090e-09 3.92704646e+04 4.79410499e-01
6.97499990e-01 6.57925603e+12 5.68181839e-09 3.73821379e+04 4.81734395e-01
7.02499986e-01 6.26705197e+12 4.92229847e-09 3.08483003e+04 4.84552920e-01
7.07499981e-01 5.96227811e+12 5.47092060e-09 3.26191501e+04 4.86794591e-01
7.12499976e-01 5.67843278e+12 5.58510391e-09 3.17146371e+04 4.89161402e-01
7.17499971e-01 5.40524413e+12 5.61575531e-09 3.03545284e+04 4.91902083e-01
7.22500026e-01 5.14371984e+12 5.06736811e-09 2.60651219e+04 4.94326591e-01
7.27500021e-01 4.89955000e+12 4.96762909e-09 2.43391471e+04 4.96563315e-01
7.32500017e-01 4.66116621e+12 5.55927703e-09 2.59127143e+04 4.99173582e-01
7.37500012e-01 4.43797786e+12 5.60768931e-09 2.48868010e+04 5.01340806e-01
7.42500007e-01 4.22324391e+12 5.51720134e-09 2.33004870e+04 5.03696024e-01
7.47500002e-01 4.01808897e+12 4.54498860e-09 1.82621685e+04 5.05976021e-01
7.52499998e-01 3.82633194e+12 5.28087623e-09 2.02063854e+04 5.08553088e-01
7.57499993e-01 3.63816603e+12 5.45544249e-09 1.98478055e+04 5.10622680e-01
7.62499988e-01 3.46460992e+12 5.57071407e-09 1.93003512e+04 5.12884796e-01
7.67499983e-01 3.29486801e+12 5.04860437e-09 1.66344851e+04 5.14958978e-01
7.72499979e-01 3.13590809e+12 4.80391192e-09 1.50646262e+04 5.17241120e-01
7.77499974e-01 2.98362392e+12 5.40195964e-09 1.61174160e+04 5.19652426e-01
7.82500029e-01 2.83703797e+12 5.49027799e-09 1.55761272e+04 5.21350801e-01
7.87500024e-01 2.69847600e+12 5.55490256e-09 1.49897712e+04 5.23659706e-01
7.92500019e-01 2.56305712e+12 4.37788844e-09 1.12207782e+04 5.25772512e-01
7.97500014e-01 2.43594192e+12 5.26069759e-09 1.28147538e+04 5.27716160e-01
8.02500010e-01 2.31149011e+12 5.61619820e-09 1.29817866e+04 5.29799163e-01
8.07500005e-01 2.19422405e+12 5.68751709e-09 1.24796868e+04 5.31620383e-01
8.12500000e-01 2.07266093e+12 5.30817567e-09 1.10020483e+04 5.33782125e-01
8.17499995e-01 1.94925494e+12 4.54815030e-09 8.86550445e+03 5.35582364e-01
8.22499990e-01 1.82979396e+12 5.52333782e-09 1.01065702e+04 5.37625134e-01
8.27499986e-01 1.71646098e+12 5.77866038e-09 9.91884505e+03 5.39251149e-01
8.32499981e-01 1.60811699e+12 5.92675371e-09 9.53091336e+03 5.41383803e-01
8.37499976e-01 1.50385800e+12 5.01475751e-09 7.54148321e+03 5.43106973e-01
8.42499971e-01 1.40624803e+12 5.11112681e-09 7.18751199e+03 5.44603109e-01
8.47500026e-01 1.31136605e+12 6.04108413e-09 7.92207266e+03 5.46682596e-01
8.52500021e-01 1.22246503e+12 6.28482619e-09 7.68298023e+03 5.48187852e-01
8.57500017e-01 1.13749800e+12 6.40909913e-09 7.29033742e+03 5.50063312e-01
8.62500012e-01 1.05550899e+12 4.79609252e-09 5.06231876e+03 5.51690817e-01
8.67500007e-01 9.79094209e+11 5.46930025e-09 5.35496020e+03 5.53120315e-01
8.72500002e-01 9.05794355e+11 6.28593039e-09 5.69376026e+03 5.55031359e-01
8.77499998e-01 8.35196682e+11 6.39472319e-09 5.34085159e+03 5.56258857e-01
8.82499993e-01 7.68037814e+11 6.44565021e-09 4.95050310e+03 5.58115125e-01
8.87499988e-01 7.04087392e+11 4.57639952e-09 3.22218520e+03 5.59371173e-01
8.92499983e-01 6.41742602e+11 5.67066675e-09 3.63910844e+03 5.60914695e-01
8.97499979e-01 5.80755194e+11 6.19602430e-09 3.59837329e+03 5.62137008e-01
9.02499974e-01 5.22250486e+11 6.33366674e-09 3.30776053e+03 5.63882887e-01
9.07500029e-01 4.66300797e+11 6.05455898e-09 2.82324568e+03 5.65096498e-01
9.12500024e-01 4.13102703e+11 4.47056827e-09 1.84680384e+03 5.66177487e-01
9.17500019e-01 3.62593419e+11 5.39485081e-09 1.95613740e+03 5.67514122e-01
9.22500014e-01 3.14365608e+11 5.49754834e-09 1.72824013e+03 5.68446100e-01
9.27500010e-01 2.67057316e+11 5.52427128e-09 1.47529706e+03 5.70106983e-01
9.32500005e-01 2.22218404e+11 5.42293859e-09 1.20507676e+03 5.70832849e-01
9.37500000e-01 1.80217414e+11 3.47441034e-09 6.26149245e+02 5.71695685e-01
9.42499995e-01 1.41536297e+11 3.40263510e-09 4.81596371e+02 5.72612643e-01
9.47499990e-01 1.06947101e+11 4.24277476e-09 4.53752460e+02 5.74309111e-01
9.52499986e-01 7.73704581e+10 4.47876165e-09 3.46523840e+02 5.74016213e-01
9.57499981e-01 5.27827681e+10 4.54126930e-09 2.39700764e+02 5.74899375e-01
9.62499976e-01 3.36562811e+10 4.62071488e-09 1.55516079e+02 5.76861620e-01
9.67499971e-01 2.07893914e+10 3.95314532e-09 8.21834851e+01 5.78849494e-01
9.72500026e-01 1.37726505e+10 2.82464353e-09 3.89028281e+01 5.81881642e-01
9.77500021e-01 9.98215987e+09 4.39886802e-09 4.39102038e+01 5.86777806e-01
9.82500017e-01 7.19741696e+09 4.97554804e-09 3.58110939e+01 5.57891786e-01
9.87500012e-01 5.14134528e+09 5.96796558e-09 3.06833717e+01 5.11362016e-01
9.92500007e-01 3.63604582e+09 6.63570556e-09 2.41277295e+01 4.82280821e-01
9.97500002e-01 2.55087206e+09 5.66834836e-09 1.44592315e+01 4.65504676e-01
