# pulse 104614  TRANSP M29  channel total (THNTX)  t_JET = 53.500 s
# equilibrium: TRANSP CDF (PSIRZ + boundary moments)  t_EQ = 53.509 s
# real LOS (KM9.los): chord_kind = horizontal   Rate_det = 4.3361e+09 n/s   Rate_chord = 1.3449e+16 n/s   rho_50 = 0.2639
#     rhot           THNTX [n/m3/s]   f_det           THLOS_det [n/m3/s]  DVOL [m3]
2.49999994e-03 2.71938582e+16 0.00000000e+00 0.00000000e+00 1.92002335e-03
7.49999983e-03 2.71776597e+16 1.53399937e-08 4.16905130e+08 5.76050766e-03
1.25000020e-02 2.71471096e+16 1.74771083e-08 4.74452975e+08 9.60124843e-03
1.75000001e-02 2.71556330e+16 2.11853403e-08 5.75301325e+08 1.34413708e-02
2.25000046e-02 2.71769274e+16 2.15527694e-08 5.85738048e+08 1.72797684e-02
2.75000017e-02 2.72086930e+16 2.15802047e-08 5.87169164e+08 2.11175606e-02
3.24999988e-02 2.72503928e+16 2.26006556e-08 6.15876744e+08 2.49552280e-02
3.75000015e-02 2.73016597e+16 2.15802047e-08 5.89175405e+08 2.87921950e-02
4.25000004e-02 2.73623132e+16 2.21258392e-08 6.05414144e+08 3.26303653e-02
4.75000069e-02 2.74325617e+16 2.21258392e-08 6.06968450e+08 3.64687741e-02
5.25000058e-02 2.75126994e+16 2.14949171e-08 5.91383191e+08 4.03079465e-02
5.75000010e-02 2.76045000e+16 2.13750564e-08 5.90047745e+08 4.41471338e-02
6.25000000e-02 2.77073258e+16 2.12246340e-08 5.88077849e+08 4.79831845e-02
6.75000027e-02 2.78143607e+16 2.08248588e-08 5.79230135e+08 5.18221222e-02
7.24999979e-02 2.79223963e+16 2.06131155e-08 5.75567581e+08 5.56556843e-02
7.74999931e-02 2.80458573e+16 2.01663973e-08 5.65583901e+08 5.94903268e-02
8.24999958e-02 2.81832082e+16 1.92036363e-08 5.41220078e+08 6.33235574e-02
8.74999836e-02 2.83559367e+16 1.90122810e-08 5.39111037e+08 6.71504438e-02
9.24999863e-02 2.85701310e+16 1.89783996e-08 5.42215363e+08 7.09799826e-02
9.74999815e-02 2.86475629e+16 1.87529738e-08 5.37226996e+08 7.48105571e-02
1.02499992e-01 2.86491456e+16 1.82658352e-08 5.23300570e+08 7.86441192e-02
1.07499987e-01 2.86383910e+16 1.81264616e-08 5.19112695e+08 8.24650154e-02
1.12499982e-01 2.86217995e+16 1.75475597e-08 5.02242735e+08 8.62875357e-02
1.17499977e-01 2.86040484e+16 1.73657123e-08 4.96729676e+08 9.01125073e-02
1.22499973e-01 2.85832135e+16 1.71432418e-08 4.90008942e+08 9.39324498e-02
1.27500027e-01 2.85642212e+16 1.70603942e-08 4.87316874e+08 9.77387875e-02
1.32499963e-01 2.85440091e+16 1.62562555e-08 4.64018705e+08 1.01557113e-01
1.37500018e-01 2.85251799e+16 1.62461014e-08 4.63422964e+08 1.05366886e-01
1.42500013e-01 2.85075147e+16 1.61385233e-08 4.60069191e+08 1.09164380e-01
1.47500008e-01 2.84900707e+16 1.56988376e-08 4.47260994e+08 1.12990499e-01
1.52500004e-01 2.84750920e+16 1.54809708e-08 4.40822067e+08 1.16775721e-01
1.57500014e-01 2.84616573e+16 1.50451496e-08 4.28209892e+08 1.20592386e-01
1.62499994e-01 2.84491740e+16 1.46811240e-08 4.17665852e+08 1.24380998e-01
1.67500004e-01 2.84395920e+16 1.46690197e-08 4.17180933e+08 1.28168717e-01
1.72499970e-01 2.84311115e+16 1.43734680e-08 4.08653672e+08 1.31963715e-01
1.77499995e-01 2.84245166e+16 1.38361900e-08 3.93287013e+08 1.35736719e-01
1.82499975e-01 2.84209174e+16 1.36283030e-08 3.87328874e+08 1.39537007e-01
1.87500000e-01 2.84173376e+16 1.34266290e-08 3.81549048e+08 1.43303394e-01
1.92500025e-01 2.84162853e+16 1.32127550e-08 3.75457415e+08 1.47068724e-01
1.97500005e-01 2.84171379e+16 1.28095963e-08 3.64012064e+08 1.50853097e-01
2.02500045e-01 2.84183963e+16 1.26758524e-08 3.60227396e+08 1.54623598e-01
2.07499996e-01 2.84225216e+16 1.24216773e-08 3.53055392e+08 1.58403099e-01
2.12500036e-01 2.84273728e+16 1.23964420e-08 3.52398278e+08 1.62122905e-01
2.17499986e-01 2.84329927e+16 1.20832923e-08 3.43564162e+08 1.65897712e-01
2.22500026e-01 2.84404617e+16 1.18949997e-08 3.38299283e+08 1.69655219e-01
2.27499977e-01 2.84479478e+16 1.17676237e-08 3.34764744e+08 1.73390999e-01
2.32500032e-01 2.84395812e+16 1.16531328e-08 3.31410216e+08 1.77138239e-01
2.37499967e-01 2.83958928e+16 1.14633794e-08 3.25512894e+08 1.80867419e-01
2.42500052e-01 2.83188583e+16 1.14521402e-08 3.24311535e+08 1.84582576e-01
2.47499973e-01 2.82055313e+16 1.14359124e-08 3.22555985e+08 1.88315496e-01
2.52500027e-01 2.80534722e+16 1.12291393e-08 3.15016347e+08 1.92038506e-01
2.57499963e-01 2.78657607e+16 1.11637945e-08 3.11087627e+08 1.95746422e-01
2.62500018e-01 2.76401053e+16 1.10567031e-08 3.05608438e+08 1.99495077e-01
2.67499983e-01 2.73744293e+16 1.10390715e-08 3.02188284e+08 2.03140736e-01
2.72500008e-01 2.70719992e+16 1.10018310e-08 2.97841559e+08 2.06866577e-01
2.77499974e-01 2.67315930e+16 1.08904236e-08 2.91118371e+08 2.10559934e-01
2.82499999e-01 2.63736697e+16 1.07935164e-08 2.84664636e+08 2.14253232e-01
2.87499964e-01 2.59784404e+16 1.07639860e-08 2.79631569e+08 2.17893064e-01
2.92499989e-01 2.55474125e+16 1.06712981e-08 2.72624055e+08 2.21575931e-01
2.97500074e-01 2.50810048e+16 1.07433160e-08 2.69453161e+08 2.25277260e-01
3.02500010e-01 2.45901094e+16 1.06712981e-08 2.62408388e+08 2.28930265e-01
3.07499945e-01 2.40881845e+16 1.05302228e-08 2.53653950e+08 2.32581005e-01
3.12500000e-01 2.35531991e+16 1.03587871e-08 2.43982576e+08 2.36181438e-01
3.17500055e-01 2.29864416e+16 1.03587871e-08 2.38111656e+08 2.39869058e-01
3.22500050e-01 2.24201459e+16 1.03418442e-08 2.31865657e+08 2.43506268e-01
3.27499926e-01 2.18271827e+16 1.03079730e-08 2.24994011e+08 2.47077763e-01
3.32500011e-01 2.12074018e+16 1.02624057e-08 2.17638961e+08 2.50708729e-01
3.37500066e-01 2.05978213e+16 1.02624057e-08 2.11383199e+08 2.54339486e-01
3.42500061e-01 1.99615005e+16 1.00934272e-08 2.01479952e+08 2.57922560e-01
3.47499996e-01 1.93212411e+16 1.00554192e-08 1.94283178e+08 2.61542946e-01
3.52499992e-01 1.86778421e+16 1.00136291e-08 1.87032984e+08 2.65070766e-01
3.57500046e-01 1.80219963e+16 1.00136291e-08 1.80465587e+08 2.68721730e-01
3.62500042e-01 1.73770952e+16 9.79309868e-09 1.70175608e+08 2.72249430e-01
3.67499977e-01 1.67191803e+16 9.79309868e-09 1.63732582e+08 2.75765002e-01
3.72499973e-01 1.60822989e+16 9.64088596e-09 1.55047610e+08 2.79350430e-01
3.77500027e-01 1.54347456e+16 9.64088596e-09 1.48804622e+08 2.82902449e-01
3.82500023e-01 1.48114782e+16 9.46595843e-09 1.40204837e+08 2.86407948e-01
3.87499958e-01 1.41856929e+16 9.38660703e-09 1.33155524e+08 2.89985716e-01
3.92499954e-01 1.35848237e+16 9.36504454e-09 1.27222479e+08 2.93511778e-01
3.97500008e-01 1.29890581e+16 9.36504454e-09 1.21643107e+08 2.96907067e-01
4.02500033e-01 1.24157218e+16 9.23665866e-09 1.14679784e+08 3.00488681e-01
4.07499909e-01 1.18584391e+16 9.14921787e-09 1.08495443e+08 3.03960055e-01
4.12499934e-01 1.13195839e+16 9.06733309e-09 1.02638437e+08 3.07442695e-01
4.17499989e-01 1.08064094e+16 9.03753822e-09 9.76633378e+07 3.10841799e-01
4.22500104e-01 1.03077164e+16 8.84313980e-09 9.11525774e+07 3.14280808e-01
4.27499950e-01 9.84037996e+15 8.84046540e-09 8.69935385e+07 3.17831010e-01
4.32499915e-01 9.38080450e+15 8.77528306e-09 8.23192148e+07 3.21211427e-01
4.37500000e-01 8.95472657e+15 8.77528306e-09 7.85802603e+07 3.24625432e-01
4.42500085e-01 8.53620187e+15 8.64457542e-09 7.37918408e+07 3.28031570e-01
4.47500110e-01 8.14563204e+15 8.58893309e-09 6.99622885e+07 3.31423074e-01
4.52499896e-01 7.76430229e+15 8.53539533e-09 6.62713896e+07 3.34843189e-01
4.57500011e-01 7.40610095e+15 8.35405747e-09 6.18709929e+07 3.38259310e-01
4.62500066e-01 7.05891189e+15 8.35405747e-09 5.89705557e+07 3.41479063e-01
4.67500091e-01 6.73211857e+15 8.25668459e-09 5.55849797e+07 3.44900548e-01
4.72499967e-01 6.41613622e+15 8.19194705e-09 5.25606481e+07 3.48307550e-01
4.77500021e-01 6.11742876e+15 8.13898616e-09 4.97896680e+07 3.51579517e-01
4.82500017e-01 5.83014698e+15 8.13898616e-09 4.74514856e+07 3.54875475e-01
4.87500072e-01 5.55868572e+15 7.86223508e-09 4.37036939e+07 3.58142644e-01
4.92499977e-01 5.29681137e+15 7.86223508e-09 4.16447761e+07 3.61445338e-01
4.97499973e-01 5.05028561e+15 7.85510411e-09 3.96705193e+07 3.64756167e-01
5.02499998e-01 4.81176460e+15 7.85510411e-09 3.77969119e+07 3.68044496e-01
5.07500052e-01 4.58824753e+15 7.53224535e-09 3.45598061e+07 3.71278167e-01
5.12499928e-01 4.37002400e+15 7.51636019e-09 3.28466744e+07 3.74429852e-01
5.17499983e-01 4.16735952e+15 7.49720282e-09 3.12435396e+07 3.77652973e-01
5.22499979e-01 3.96812673e+15 7.49720282e-09 2.97498509e+07 3.80915344e-01
5.27500033e-01 3.78475471e+15 7.28080898e-09 2.75560761e+07 3.84140640e-01
5.32500148e-01 3.60433441e+15 7.17926002e-09 2.58764539e+07 3.87309492e-01
5.37499964e-01 3.43585062e+15 7.14192700e-09 2.45385943e+07 3.90382469e-01
5.42500019e-01 3.27307969e+15 7.14192700e-09 2.33760962e+07 3.93558472e-01
5.47500074e-01 3.11826007e+15 7.01422832e-09 2.18721881e+07 3.96669835e-01
5.52499890e-01 2.97099048e+15 6.98161811e-09 2.07423209e+07 3.99794012e-01
5.57499945e-01 2.82797558e+15 6.97048076e-09 1.97123494e+07 4.02926356e-01
5.62500000e-01 2.69502004e+15 6.86805248e-09 1.85095391e+07 4.06058669e-01
5.67500055e-01 2.56419963e+15 6.86805248e-09 1.76110576e+07 4.09012347e-01
5.72500110e-01 2.44244590e+15 6.64508145e-09 1.62302519e+07 4.12048966e-01
5.77499986e-01 2.32405190e+15 6.64508145e-09 1.54435142e+07 4.15162981e-01
5.82499981e-01 2.21103131e+15 6.58562889e-09 1.45610317e+07 4.18176502e-01
5.87499976e-01 2.10424849e+15 6.58562889e-09 1.38577997e+07 4.21171129e-01
5.92499852e-01 1.99951250e+15 6.33153690e-09 1.26599872e+07 4.24153954e-01
5.97499967e-01 1.90300686e+15 6.32212660e-09 1.20310503e+07 4.26993459e-01
6.02500021e-01 1.80870280e+15 6.26482292e-09 1.13312028e+07 4.30114865e-01
6.07500017e-01 1.71925890e+15 6.26482292e-09 1.07708526e+07 4.32974517e-01
6.12500072e-01 1.63451409e+15 6.12345017e-09 1.00088656e+07 4.35743034e-01
6.17500007e-01 1.55163814e+15 6.12312345e-09 9.50087186e+06 4.38792378e-01
6.22500062e-01 1.47528704e+15 6.05586564e-09 8.93414010e+06 4.41585004e-01
6.27499938e-01 1.40105095e+15 6.02439911e-09 8.44049008e+06 4.44588542e-01
6.32499993e-01 1.33023888e+15 6.02439911e-09 8.01388993e+06 4.47285861e-01
6.37499928e-01 1.26363790e+15 5.98398783e-09 7.56159380e+06 4.50068116e-01
6.42499983e-01 1.19852754e+15 5.95845706e-09 7.14137485e+06 4.53025371e-01
6.47499979e-01 1.13803520e+15 5.95050507e-09 6.77188424e+06 4.55633879e-01
6.52500033e-01 1.07985933e+15 5.95050507e-09 6.42570844e+06 4.58364010e-01
6.57500148e-01 1.02383699e+15 5.72244255e-09 5.85884834e+06 4.61261123e-01
6.62500024e-01 9.72160479e+14 5.72244255e-09 5.56313249e+06 4.63795632e-01
6.67499900e-01 9.22025795e+14 5.59270405e-09 5.15661740e+06 4.66443539e-01
6.72499955e-01 8.75258635e+14 5.59270405e-09 4.89506251e+06 4.69385862e-01
6.77499890e-01 8.31122276e+14 5.60886195e-09 4.66165011e+06 4.71995860e-01
6.82499945e-01 7.88201392e+14 5.60886195e-09 4.42091280e+06 4.74223018e-01
6.87500000e-01 7.49062026e+14 5.60886195e-09 4.20138550e+06 4.77119982e-01
6.92500055e-01 7.11061095e+14 5.60886195e-09 3.98824352e+06 4.79810029e-01
6.97500110e-01 6.74994376e+14 5.60886195e-09 3.78595027e+06 4.82139975e-01
7.02500045e-01 6.41475243e+14 5.58558875e-09 3.58301690e+06 4.84985888e-01
7.07500100e-01 6.08732359e+14 5.58558875e-09 3.40012861e+06 4.87196475e-01
7.12499917e-01 5.78435861e+14 5.48846495e-09 3.17472495e+06 4.89548117e-01
7.17499852e-01 5.49387185e+14 5.48846495e-09 3.01529231e+06 4.92317528e-01
7.22499907e-01 5.21480266e+14 5.55374360e-09 2.89616769e+06 4.94748116e-01
7.27500021e-01 4.95704959e+14 5.55374360e-09 2.75301825e+06 4.96966332e-01
7.32500017e-01 4.70469375e+14 5.50417252e-09 2.58954461e+06 4.99601662e-01
7.37500131e-01 4.46955335e+14 5.50417252e-09 2.46011928e+06 5.01727104e-01
7.42500067e-01 4.24384007e+14 5.50417252e-09 2.33588279e+06 5.04099131e-01
7.47500122e-01 4.02685497e+14 5.46145403e-09 2.19924833e+06 5.06382108e-01
7.52499878e-01 3.82534517e+14 5.46145403e-09 2.08919468e+06 5.08967519e-01
7.57499933e-01 3.62627042e+14 5.29776812e-09 1.92111398e+06 5.11035442e-01
7.62499869e-01 3.44319911e+14 5.29776812e-09 1.82412705e+06 5.13310909e-01
7.67499983e-01 3.26389530e+14 5.42370993e-09 1.77024214e+06 5.15338540e-01
7.72499979e-01 3.09507926e+14 5.42370993e-09 1.67868121e+06 5.17666519e-01
7.77500093e-01 2.93349488e+14 5.42370993e-09 1.59104253e+06 5.20096481e-01
7.82500148e-01 2.77728608e+14 5.42370993e-09 1.50631941e+06 5.21743894e-01
7.87500083e-01 2.63042084e+14 5.42370993e-09 1.42666397e+06 5.24064541e-01
7.92499900e-01 2.48632620e+14 5.50635575e-09 1.36905966e+06 5.26176870e-01
7.97499955e-01 2.35218749e+14 5.54830235e-09 1.30506474e+06 5.28135121e-01
8.02499831e-01 2.21986391e+14 5.27671643e-09 1.17135924e+06 5.30210137e-01
8.07499945e-01 2.09694161e+14 5.27671643e-09 1.10649663e+06 5.32026887e-01
8.12500000e-01 1.97009630e+14 5.55682816e-09 1.09474866e+06 5.34217477e-01
8.17500055e-01 1.84203749e+14 5.55682816e-09 1.02358858e+06 5.35954535e-01
8.22500169e-01 1.71768728e+14 5.55682816e-09 9.54489304e+05 5.38073421e-01
8.27500105e-01 1.60070747e+14 5.55682816e-09 8.89485634e+05 5.39642036e-01
8.32500100e-01 1.48875730e+14 5.55682816e-09 8.27276849e+05 5.41815102e-01
8.37499857e-01 1.38163268e+14 5.79463518e-09 8.00605732e+05 5.43536127e-01
8.42499793e-01 1.28147933e+14 5.92102607e-09 7.58767249e+05 5.44980586e-01
8.47499907e-01 1.18436231e+14 6.07283078e-09 7.19243191e+05 5.47124565e-01
8.52500021e-01 1.09419703e+14 6.07283078e-09 6.64487337e+05 5.48596501e-01
8.57500017e-01 1.00810801e+14 6.07283078e-09 6.12206937e+05 5.50498068e-01
8.62500131e-01 9.25388704e+13 6.30644291e-09 5.83591103e+05 5.52091897e-01
8.67500067e-01 8.49152196e+13 6.33095064e-09 5.37594064e+05 5.53543150e-01
8.72500181e-01 7.76277422e+13 6.33095064e-09 4.91457404e+05 5.55447519e-01
8.77499819e-01 7.06586461e+13 6.33095064e-09 4.47336401e+05 5.56665897e-01
8.82499933e-01 6.41176835e+13 6.33095064e-09 4.05925890e+05 5.58548450e-01
8.87499869e-01 5.79414660e+13 6.22165723e-09 3.60491941e+05 5.59772134e-01
8.92499983e-01 5.19983344e+13 6.22165723e-09 3.23515813e+05 5.61320066e-01
8.97499979e-01 4.62750304e+13 5.89511953e-09 2.72796835e+05 5.62540889e-01
9.02500093e-01 4.08955839e+13 5.89511953e-09 2.41084355e+05 5.64329088e-01
9.07500207e-01 3.58602380e+13 5.89511953e-09 2.11400390e+05 5.65533936e-01
9.12500143e-01 3.11861686e+13 5.56164132e-09 1.73446284e+05 5.66575348e-01
9.17499781e-01 2.68746967e+13 5.56164132e-09 1.49467424e+05 5.67900121e-01
9.22499895e-01 2.29272925e+13 5.44392143e-09 1.24814379e+05 5.68885863e-01
9.27499831e-01 1.93757215e+13 5.44392143e-09 1.05479906e+05 5.70537627e-01
9.32499945e-01 1.60770346e+13 5.38852771e-09 8.66315465e+04 5.71246445e-01
9.37500000e-01 1.30166429e+13 4.39083189e-09 5.71538907e+04 5.72108626e-01
9.42500055e-01 1.02376722e+13 4.39083189e-09 4.49518975e+04 5.73037505e-01
9.47500110e-01 7.78226421e+12 4.39083189e-09 3.41706139e+04 5.74756563e-01
9.52500045e-01 5.67534053e+12 4.54596161e-09 2.57998802e+04 5.74383616e-01
9.57500219e-01 3.93482207e+12 4.54596161e-09 1.78875501e+04 5.75308502e-01
9.62499857e-01 2.56837131e+12 4.54596161e-09 1.16757174e+04 5.77330410e-01
9.67499793e-01 1.63912784e+12 4.59479501e-09 7.53145644e+03 5.79314590e-01
9.72499967e-01 1.15573169e+12 4.63780128e-09 5.36005389e+03 5.82357943e-01
9.77500021e-01 9.14894094e+11 4.63780128e-09 4.24309700e+03 5.87240994e-01
9.82499957e-01 7.22624053e+11 5.24621991e-09 3.79104470e+03 5.56258082e-01
9.87500131e-01 5.75680807e+11 5.24621991e-09 3.02014811e+03 5.09120643e-01
9.92500067e-01 4.60178391e+11 5.84512549e-09 2.68980044e+03 4.80053365e-01
9.97500122e-01 3.64632015e+11 5.19612783e-09 1.89467456e+03 4.63385016e-01
