# pulse 104614  TRANSP M29  channel total (THNTX)  t_JET = 53.527 s
# equilibrium: PPF equilibrium eftp/gszepesi/405  t_EQ = 53.527 s
# LOS R in [2.700, 3.100] m  (w_tor = 0.400 m)
# Rate_LOS = 4.4517e+15 n/s   Rate_tor = 2.0375e+17 n/s   rho_bnd = 0.3084998246732022
#     rhot           THNTX [n/m3/s]   THKM14 [n/m3/s]  f               DVOL [m3]
2.49999994e-03 2.72839601e+16 2.72839601e+16 1.00000000e+00 1.91790692e-03
7.49999983e-03 2.72628697e+16 2.72628697e+16 1.00000000e+00 5.75413462e-03
1.25000002e-02 2.72325515e+16 2.72325515e+16 1.00000000e+00 9.59060807e-03
1.75000001e-02 2.72392903e+16 2.72392903e+16 1.00000000e+00 1.34264808e-02
2.25000009e-02 2.72588496e+16 2.72588496e+16 1.00000000e+00 1.72607116e-02
2.74999999e-02 2.72887490e+16 2.72887490e+16 1.00000000e+00 2.10942104e-02
3.24999988e-02 2.73287201e+16 2.73287201e+16 1.00000000e+00 2.49277595e-02
3.75000015e-02 2.73783098e+16 2.73783098e+16 1.00000000e+00 2.87605189e-02
4.25000004e-02 2.74373592e+16 2.72215625e+16 9.92134932e-01 3.25945094e-02
4.74999994e-02 2.75060701e+16 2.31278302e+16 8.40826412e-01 3.64288203e-02
5.24999984e-02 2.75848999e+16 2.21869301e+16 8.04314323e-01 4.02636789e-02
5.75000010e-02 2.76760305e+16 1.93040984e+16 6.97502426e-01 4.40989509e-02
6.25000000e-02 2.77785385e+16 1.88249454e+16 6.77679474e-01 4.79308702e-02
6.75000027e-02 2.78855798e+16 1.83701099e+16 6.58767363e-01 5.17657399e-02
7.24999979e-02 2.79941802e+16 1.79280015e+16 6.40418877e-01 5.55952899e-02
7.75000006e-02 2.81187493e+16 1.79226557e+16 6.37391637e-01 5.94257191e-02
8.25000033e-02 2.82578697e+16 1.80475632e+16 6.38673876e-01 6.32546023e-02
8.74999985e-02 2.84336499e+16 1.83998167e+16 6.47114134e-01 6.70777559e-02
9.25000012e-02 2.86467404e+16 1.90599376e+16 6.65344028e-01 7.09034279e-02
9.74999964e-02 2.87196303e+16 2.04958240e+16 7.13652085e-01 7.47298002e-02
1.02499999e-01 2.87209596e+16 2.13057860e+16 7.41820131e-01 7.85587803e-02
1.07500002e-01 2.87100117e+16 2.15540204e+16 7.50749271e-01 8.23760256e-02
1.12499997e-01 2.86928683e+16 2.12537142e+16 7.40731597e-01 8.61949399e-02
1.17500000e-01 2.86739211e+16 2.05327358e+16 7.16077016e-01 9.00148302e-02
1.22500002e-01 2.86516688e+16 2.05205846e+16 7.16209053e-01 9.38305482e-02
1.27499998e-01 2.86309392e+16 2.04587234e+16 7.14566969e-01 9.76336524e-02
1.32499993e-01 2.86085903e+16 1.97947493e+16 6.91916278e-01 1.01447895e-01
1.37500003e-01 2.85873603e+16 1.93736251e+16 6.77698986e-01 1.05253205e-01
1.42499998e-01 2.85669184e+16 1.90363614e+16 6.66377842e-01 1.09047398e-01
1.47499993e-01 2.85461887e+16 1.88589960e+16 6.60648472e-01 1.12867497e-01
1.52500004e-01 2.85283195e+16 1.86608190e+16 6.54115604e-01 1.16650902e-01
1.57499999e-01 2.85116400e+16 1.85163613e+16 6.49431646e-01 1.20462000e-01
1.62499994e-01 2.84965991e+16 1.86612405e+16 6.54858513e-01 1.24247603e-01
1.67500004e-01 2.84845087e+16 1.85761511e+16 6.52149253e-01 1.28030896e-01
1.72499999e-01 2.84738508e+16 1.82738410e+16 6.41776244e-01 1.31822005e-01
1.77499995e-01 2.84654992e+16 1.79165279e+16 6.29412040e-01 1.35591790e-01
1.82500005e-01 2.84599007e+16 1.79579611e+16 6.30991700e-01 1.39387086e-01
1.87500000e-01 2.84547510e+16 1.79789550e+16 6.31843694e-01 1.43149704e-01
1.92499995e-01 2.84524790e+16 1.79929962e+16 6.32387645e-01 1.46912798e-01
1.97500005e-01 2.84519894e+16 1.77481814e+16 6.23794039e-01 1.50690302e-01
2.02500001e-01 2.84522707e+16 1.76998912e+16 6.22090637e-01 1.54458702e-01
2.07499996e-01 2.84555198e+16 1.75541317e+16 6.16897240e-01 1.58232093e-01
2.12500006e-01 2.84601004e+16 1.74772470e+16 6.14096463e-01 1.61951199e-01
2.17500001e-01 2.84649494e+16 1.75472709e+16 6.16451857e-01 1.65718406e-01
2.22499996e-01 2.84723196e+16 1.76438708e+16 6.19685050e-01 1.69475496e-01
2.27500007e-01 2.84793097e+16 1.76118841e+16 6.18409796e-01 1.73205912e-01
2.32500002e-01 2.84705801e+16 1.73639269e+16 6.09890167e-01 1.76949203e-01
2.37499997e-01 2.84265310e+16 1.71403095e+16 6.02968738e-01 1.80673793e-01
2.42500007e-01 2.83494599e+16 1.71617758e+16 6.05365175e-01 1.84386909e-01
2.47500002e-01 2.82360105e+16 1.71215427e+16 6.06372585e-01 1.88115090e-01
2.52499998e-01 2.80841705e+16 1.70591942e+16 6.07430945e-01 1.91835493e-01
2.57499993e-01 2.78965900e+16 1.68957272e+16 6.05655645e-01 1.95540100e-01
2.62499988e-01 2.76709302e+16 1.67058017e+16 6.03731121e-01 1.99281499e-01
2.67500013e-01 2.74058191e+16 1.63453053e+16 5.96417324e-01 2.02927798e-01
2.72500008e-01 2.71036102e+16 1.60860293e+16 5.93501354e-01 2.06647098e-01
2.77500004e-01 2.67625898e+16 1.60356486e+16 5.99181497e-01 2.10337803e-01
2.82499999e-01 2.64043186e+16 1.58660328e+16 6.00887795e-01 2.14023292e-01
2.87499994e-01 2.60096004e+16 1.55552289e+16 5.98057205e-01 2.17664912e-01
2.92499989e-01 2.55784200e+16 1.51991878e+16 5.94219181e-01 2.21343204e-01
2.97500014e-01 2.51116000e+16 1.49149502e+16 5.93946630e-01 2.25038290e-01
3.02500010e-01 2.46198113e+16 1.45350512e+16 5.90380288e-01 2.28691697e-01
3.07500005e-01 2.41175213e+16 1.42575680e+16 5.91170537e-01 2.32336000e-01
3.12500000e-01 2.35820999e+16 1.39469827e+16 5.91422423e-01 2.35933796e-01
3.17499995e-01 2.30148400e+16 1.36838427e+16 5.94566059e-01 2.39619300e-01
3.22499990e-01 2.24470990e+16 1.32323333e+16 5.89489683e-01 2.43251503e-01
3.27499986e-01 2.18533605e+16 1.28104461e+16 5.86200284e-01 2.46820495e-01
3.32500011e-01 2.12320291e+16 1.23917956e+16 5.83636897e-01 2.50447989e-01
3.37500006e-01 2.06212096e+16 1.12974865e+16 5.47857605e-01 2.54071712e-01
3.42500001e-01 1.99841306e+16 1.03962119e+16 5.20223377e-01 2.57655412e-01
3.47499996e-01 1.93423616e+16 9.68875912e+15 5.00908799e-01 2.61272192e-01
3.52499992e-01 1.86977300e+16 9.07065788e+15 4.85120809e-01 2.64798105e-01
3.57499987e-01 1.80399901e+16 8.43388327e+15 4.67510416e-01 2.68438816e-01
3.62500012e-01 1.73939894e+16 7.93075287e+15 4.55947896e-01 2.71968991e-01
3.67500007e-01 1.67347205e+16 7.44717415e+15 4.45013357e-01 2.75484413e-01
3.72500002e-01 1.60964701e+16 7.04941098e+15 4.37947632e-01 2.79060900e-01
3.77499998e-01 1.54476799e+16 6.62666406e+15 4.28974714e-01 2.82612085e-01
3.82499993e-01 1.48232797e+16 6.20771557e+15 4.18781518e-01 2.86115319e-01
3.87499988e-01 1.41962896e+16 5.83643773e+15 4.11124166e-01 2.89688319e-01
3.92500013e-01 1.35939108e+16 5.44027348e+15 4.00199293e-01 2.93206602e-01
3.97500008e-01 1.29972690e+16 5.14509118e+15 3.95859406e-01 2.96608984e-01
4.02500004e-01 1.24227194e+16 4.86932918e+15 3.91969667e-01 3.00176680e-01
4.07499999e-01 1.18645100e+16 4.58586460e+15 3.86519511e-01 3.03647816e-01
4.12499994e-01 1.13247303e+16 4.28189232e+15 3.78101040e-01 3.07136506e-01
4.17499989e-01 1.08107902e+16 4.03626294e+15 3.73355033e-01 3.10528696e-01
4.22500014e-01 1.03112308e+16 3.77099336e+15 3.65717095e-01 3.13964188e-01
4.27500010e-01 9.84304928e+15 3.55249816e+15 3.60914394e-01 3.17510098e-01
4.32500005e-01 9.38236250e+15 3.35109838e+15 3.57169997e-01 3.20886701e-01
4.37500000e-01 8.95555710e+15 3.18545854e+15 3.55696302e-01 3.24294984e-01
4.42499995e-01 8.53633286e+15 2.96461312e+15 3.47293524e-01 3.27705592e-01
4.47499990e-01 8.14484874e+15 2.78635540e+15 3.42100325e-01 3.31089586e-01
4.52499986e-01 7.76286992e+15 2.61693146e+15 3.37108761e-01 3.34503591e-01
4.57500011e-01 7.40412204e+15 2.48087643e+15 3.35066929e-01 3.37925106e-01
4.62500006e-01 7.05681219e+15 2.33352656e+15 3.30677152e-01 3.41148674e-01
4.67500001e-01 6.72987069e+15 2.21380691e+15 3.28952369e-01 3.44551414e-01
4.72499996e-01 6.41412617e+15 2.08063970e+15 3.24383968e-01 3.47954005e-01
4.77499992e-01 6.11569091e+15 1.95991454e+15 3.20473119e-01 3.51238400e-01
4.82499987e-01 5.82879568e+15 1.83177173e+15 3.14262471e-01 3.54527503e-01
4.87500012e-01 5.55768875e+15 1.74229068e+15 3.13491950e-01 3.57786089e-01
4.92500007e-01 5.29645596e+15 1.64531177e+15 3.10643906e-01 3.61093819e-01
4.97500002e-01 5.05051164e+15 1.56604497e+15 3.10076501e-01 3.64400893e-01
5.02499998e-01 4.81264776e+15 1.46135105e+15 3.03648038e-01 3.67680013e-01
5.07499993e-01 4.58954300e+15 1.37634093e+15 2.99886270e-01 3.70916605e-01
5.12499988e-01 4.37169716e+15 1.29942376e+15 2.97235538e-01 3.74071002e-01
5.17499983e-01 4.16916878e+15 1.23545380e+15 2.96330964e-01 3.77293408e-01
5.22499979e-01 3.96988605e+15 1.16074458e+15 2.92387380e-01 3.80548507e-01
5.27499974e-01 3.78658893e+15 1.10127883e+15 2.90836647e-01 3.83769602e-01
5.32500029e-01 3.60605696e+15 1.03693951e+15 2.87554945e-01 3.86936009e-01
5.37500024e-01 3.43750607e+15 9.79889517e+14 2.85058266e-01 3.90015393e-01
5.42500019e-01 3.27445998e+15 9.26065860e+14 2.82814835e-01 3.93189013e-01
5.47500014e-01 3.11938294e+15 8.69984368e+14 2.78896302e-01 3.96284103e-01
5.52500010e-01 2.97174908e+15 8.25678153e+14 2.77842487e-01 3.99412900e-01
5.57500005e-01 2.82848507e+15 7.85194588e+14 2.77602521e-01 4.02552903e-01
5.62500000e-01 2.69509198e+15 7.38401338e+14 2.73980014e-01 4.05666590e-01
5.67499995e-01 2.56387777e+15 6.90875757e+14 2.69465168e-01 4.08630908e-01
5.72499990e-01 2.44190688e+15 6.58448451e+14 2.69645193e-01 4.11677986e-01
5.77499986e-01 2.32310083e+15 6.20676880e+14 2.67176040e-01 4.14768696e-01
5.82499981e-01 2.20987905e+15 5.88071504e+14 2.66110266e-01 4.17787701e-01
5.87499976e-01 2.10275693e+15 5.55676094e+14 2.64260736e-01 4.20788825e-01
5.92499971e-01 1.99766606e+15 5.20693080e+14 2.60650711e-01 4.23758000e-01
5.97500026e-01 1.90104607e+15 4.92404875e+14 2.59017854e-01 4.26599801e-01
6.02500021e-01 1.80648391e+15 4.68502892e+14 2.59345178e-01 4.29710597e-01
6.07500017e-01 1.71697800e+15 4.40716920e+14 2.56681751e-01 4.32585686e-01
6.12500012e-01 1.63207791e+15 4.14147331e+14 2.53754633e-01 4.35365915e-01
6.17500007e-01 1.54904398e+15 3.91853139e+14 2.52964502e-01 4.38392997e-01
6.22500002e-01 1.47273395e+15 3.68973483e+14 2.50536414e-01 4.41189677e-01
6.27499998e-01 1.39840605e+15 3.49521273e+14 2.49942620e-01 4.44174200e-01
6.32499993e-01 1.32768203e+15 3.29029481e+14 2.47822500e-01 4.46886599e-01
6.37499988e-01 1.26105810e+15 3.09097893e+14 2.45109954e-01 4.49670196e-01
6.42499983e-01 1.19593203e+15 2.92438886e+14 2.44528015e-01 4.52624321e-01
6.47499979e-01 1.13557607e+15 2.76645907e+14 2.43617240e-01 4.55230683e-01
6.52499974e-01 1.07745496e+15 2.60395344e+14 2.41676315e-01 4.57975894e-01
6.57500029e-01 1.02158703e+15 2.44972334e+14 2.39795854e-01 4.60847825e-01
6.62500024e-01 9.69994272e+14 2.31466014e+14 2.38626165e-01 4.63386506e-01
6.67500019e-01 9.19968506e+14 2.18375711e+14 2.37373029e-01 4.66051817e-01
6.72500014e-01 8.73370527e+14 2.07239834e+14 2.37287414e-01 4.68959808e-01
6.77500010e-01 8.29326577e+14 1.94284598e+14 2.34267903e-01 4.71590579e-01
6.82500005e-01 7.86509511e+14 1.83802700e+14 2.33694187e-01 4.73839819e-01
6.87500000e-01 7.47538655e+14 1.73529251e+14 2.32134150e-01 4.76700485e-01
6.92499995e-01 7.09631878e+14 1.63906576e+14 2.30974089e-01 4.79410499e-01
6.97499990e-01 6.73729038e+14 1.54933410e+14 2.29963979e-01 4.81734395e-01
7.02499986e-01 6.40283792e+14 1.46018313e+14 2.28052490e-01 4.84552920e-01
7.07499981e-01 6.07614258e+14 1.37887448e+14 2.26932542e-01 4.86794591e-01
7.12499976e-01 5.77447079e+14 1.31108933e+14 2.27049262e-01 4.89161402e-01
7.17499971e-01 5.48421119e+14 1.23408120e+14 2.25024375e-01 4.91902083e-01
7.22500026e-01 5.20595503e+14 1.15974886e+14 2.22773507e-01 4.94326591e-01
7.27500021e-01 4.94830799e+14 1.09905694e+14 2.22107626e-01 4.96563315e-01
7.32500017e-01 4.69577398e+14 1.04148859e+14 2.21792743e-01 4.99173582e-01
7.37500012e-01 4.46114998e+14 9.89327481e+13 2.21765124e-01 5.01340806e-01
7.42500007e-01 4.23513001e+14 9.30064280e+13 2.19607020e-01 5.03696024e-01
7.47500002e-01 4.01840999e+14 8.73738455e+13 2.17433875e-01 5.05976021e-01
7.52499998e-01 3.81646096e+14 8.22013545e+13 2.15386336e-01 5.08553088e-01
7.57499993e-01 3.61704496e+14 7.83478356e+13 2.16607304e-01 5.10622680e-01
7.62499988e-01 3.43434678e+14 7.46654418e+13 2.17407986e-01 5.12884796e-01
7.67499983e-01 3.25502317e+14 7.01104893e+13 2.15391675e-01 5.14958978e-01
7.72499979e-01 3.08667019e+14 6.57625996e+13 2.13053535e-01 5.17241120e-01
7.77499974e-01 2.92504688e+14 6.16003832e+13 2.10596226e-01 5.19652426e-01
7.82500029e-01 2.76952997e+14 5.83435084e+13 2.10662130e-01 5.21350801e-01
7.87500024e-01 2.62278000e+14 5.55602166e+13 2.11837122e-01 5.23659706e-01
7.92500019e-01 2.47937506e+14 5.23192637e+13 2.11017947e-01 5.25772512e-01
7.97500014e-01 2.34542493e+14 4.91957806e+13 2.09752100e-01 5.27716160e-01
8.02500010e-01 2.21383502e+14 4.59828108e+13 2.07706583e-01 5.29799163e-01
8.07500005e-01 2.09107697e+14 4.28386924e+13 2.04864254e-01 5.31620383e-01
8.12500000e-01 1.96409794e+14 4.08068616e+13 2.07763884e-01 5.33782125e-01
8.17499995e-01 1.83616395e+14 3.80294081e+13 2.07113358e-01 5.35582364e-01
8.22499990e-01 1.71232310e+14 3.51760280e+13 2.05428683e-01 5.37625134e-01
8.27499986e-01 1.59541694e+14 3.24055223e+13 2.03116324e-01 5.39251149e-01
8.32499981e-01 1.48393905e+14 3.01483037e+13 2.03164029e-01 5.41383803e-01
8.37499976e-01 1.37678306e+14 2.79739934e+13 2.03183743e-01 5.43106973e-01
8.42499971e-01 1.27709502e+14 2.59454744e+13 2.03160094e-01 5.44603109e-01
8.47500026e-01 1.18033293e+14 2.36461439e+13 2.00334527e-01 5.46682596e-01
8.52500021e-01 1.09014097e+14 2.17066178e+13 1.99117532e-01 5.48187852e-01
8.57500017e-01 1.00440495e+14 2.01313266e+13 2.00430381e-01 5.50063312e-01
8.62500012e-01 9.22026215e+13 1.84845720e+13 2.00477728e-01 5.51690817e-01
8.67500007e-01 8.45756739e+13 1.69128949e+13 1.99973516e-01 5.53120315e-01
8.72500002e-01 7.73200649e+13 1.52124813e+13 1.96746878e-01 5.55031359e-01
8.77499998e-01 7.03797920e+13 1.38587128e+13 1.96913240e-01 5.56258857e-01
8.82499993e-01 6.38366484e+13 1.26275743e+13 1.97810734e-01 5.58115125e-01
8.87499988e-01 5.76881594e+13 1.13216446e+13 1.96255951e-01 5.59371173e-01
8.92499983e-01 5.17688892e+13 1.01727546e+13 1.96503242e-01 5.60914695e-01
8.97499979e-01 4.60688720e+13 9.02597856e+12 1.95923585e-01 5.62137008e-01
9.02499974e-01 4.07086815e+13 7.99865275e+12 1.96485183e-01 5.63882887e-01
9.07500029e-01 3.56933005e+13 6.94697008e+12 1.94629524e-01 5.65096498e-01
9.12500024e-01 3.10382103e+13 5.99427761e+12 1.93125749e-01 5.66177487e-01
9.17500019e-01 2.67432808e+13 5.19339101e+12 1.94194237e-01 5.67514122e-01
9.22500014e-01 2.28218896e+13 4.45382266e+12 1.95155736e-01 5.68446100e-01
9.27500010e-01 1.92835999e+13 3.74392915e+12 1.94150945e-01 5.70106983e-01
9.32500005e-01 1.59957396e+13 3.08919136e+12 1.93125885e-01 5.70832849e-01
9.37500000e-01 1.29444505e+13 2.50781813e+12 1.93736932e-01 5.71695685e-01
9.42499995e-01 1.01811004e+13 1.96184314e+12 1.92694606e-01 5.72612643e-01
9.47499990e-01 7.73537608e+12 1.48497538e+12 1.91971969e-01 5.74309111e-01
9.52499986e-01 5.64006381e+12 1.06567931e+12 1.88948094e-01 5.74016213e-01
9.57499981e-01 3.91125402e+12 7.40684160e+11 1.89372553e-01 5.74899375e-01
9.62499976e-01 2.55398196e+12 4.74011384e+11 1.85596998e-01 5.76861620e-01
9.67499971e-01 1.63303994e+12 3.06926794e+11 1.87948124e-01 5.78849494e-01
9.72500026e-01 1.15404597e+12 2.04256985e+11 1.76992070e-01 5.81881642e-01
9.77500021e-01 9.13858167e+11 1.57771530e+11 1.72643344e-01 5.86777806e-01
9.82500017e-01 7.21950015e+11 1.31942600e+11 1.82758636e-01 5.57891786e-01
9.87500012e-01 5.75327109e+11 1.16466865e+11 2.02435906e-01 5.11362016e-01
9.92500007e-01 4.60459606e+11 9.83356945e+10 2.13559872e-01 4.82280821e-01
9.97500002e-01 3.64888588e+11 7.28087391e+10 1.99536904e-01 4.65504676e-01
